"logFC" "logCPM" "PValue" "de1"
"1" 5.8500351952806 5.35997679025717 0.000297147271685905 1
"2" 5.8500351952806 5.35997679025717 0.000297147271685905 1
"3" 5.8500351952806 5.35997679025717 0.000297147271685905 1
"4" 5.8500351952806 5.35997679025717 0.000297147271685905 1
"5" -0.106333323988027 9.81981458745437 0.397490142232312 0
"6" 0.0981055921014453 8.74122018138352 0.62481497477717 0
"7" 2.92854597687321 6.64665792534992 1.01093577028199e-07 1
"8" 2.92854367249077 6.64665792534992 1.01261741748315e-07 1
"9" 7.6374999450937 10.0231098903953 7.54113673533485e-133 1
"10" 7.63749775470448 10.0231098903953 6.86943251326428e-133 1
"11" 1.06757426364323 9.97963229578079 6.93127936905605e-15 1
"12" 1.06759957289268 9.97963229578079 6.52735045665062e-15 1
"13" 1.06762486889377 9.97963229578079 6.14686487177968e-15 1
"14" -0.461851768401485 11.5135357821305 4.91882368114475e-07 -1
"15" -0.489378975096822 11.144428514432 3.58293873547104e-06 -1
"16" -0.610846101595318 11.3756145926914 1.51216077495632e-13 -1
"17" -0.61085370326429 11.3756145926914 1.6186604174884e-13 -1
"18" -0.610861332137669 11.3756145926914 1.73309816431691e-13 -1
"19" -0.886976406981996 10.4648709092069 1.22897171822173e-16 -1
"20" 3.96528967871379 5.51618010407013 0.00108879736664778 1
"21" 3.65674390472249 5.31834311079375 0.00272849735708833 1
"22" 1.48660169156897 12.6075936824452 2.06034716452165e-47 1
"23" -2.51831330468874 9.8777911353629 1.67143001273905e-48 -1
"24" 0.12539424793033 4.69106621709822 1 0
"25" 0.0811934684953994 11.5724889721186 0.35069362456217 0
"26" 0.0811979424430694 11.5724889721186 0.351216944899877 0
"27" 0.0811973000476694 11.5724889721186 0.351141699939926 0
"28" -0.216999766824856 11.0185706857338 0.018623370223884 -1
"29" 0.122084812251083 10.4348139943314 0.319458103597272 0
"30" 0.122007489172872 10.4348139943314 0.321665866043507 0
"31" 0.121910964178201 10.4348139943314 0.32444763137854 0
"32" 0.121807834753707 10.4348139943314 0.327451775969436 0
"33" -0.647875329815563 8.98202845468287 0.192374781282591 0
"34" -0.647879923016953 8.98202845468287 0.192237188609734 0
"35" 0.854291147568504 8.50203731430076 1.31215096717733e-05 1
"36" 0.854296535148446 8.50203731430076 1.30287449911272e-05 1
"37" 0.90607028267341 8.43556874748805 9.670123664003e-06 1
"38" 0.906013487795992 8.43556874748805 1.03354078310809e-05 1
"39" 0.906041829650383 8.43556874748805 9.9980635164299e-06 1
"40" 0.00633700686212528 11.5810549503329 0.965163047990931 0
"41" 0.00633182000113837 11.5810549503329 0.965220475278907 0
"42" 0.472271429812915 11.630242774485 1.30163849847934e-07 1
"43" 0.472267296165527 11.630242774485 1.2540975467633e-07 1
"44" 0.472263117296863 11.630242774485 1.2079167409962e-07 1
"45" 0.473511457163757 11.6264156878653 1.14848176478065e-07 1
"46" 0.495035256981922 11.5937079579584 5.32330957102569e-08 1
"47" 1.95812835694612 11.4675688052328 1.04161002451037e-89 1
"48" -2.73035100496698 6.99308345765899 9.26699398040767e-06 -1
"49" 8.34104809224231 7.47408938634145 5.65585283925043e-27 1
"50" 8.3410444237418 7.47408938634145 5.45728564921087e-27 1
"51" -0.37964291956495 8.05241124351179 0.134008679593843 0
"52" -0.379642098084272 8.05241124351179 0.134047871778755 0
"53" -0.379648003610537 8.05241124351179 0.133766428607315 0
"54" -0.379637758072057 8.05241124351179 0.134255158073885 0
"55" -0.3661817264636 8.05877951233736 0.156867096559987 0
"56" -0.920554396602129 10.9385311953405 1.48551466913625e-13 -1
"57" -0.820329178922205 9.89734196730725 1.01467894286785e-05 -1
"58" -1.10288892152081 10.3169620616758 8.58163391539695e-22 -1
"59" -1.10289257756671 10.3169620616758 8.77111094315725e-22 -1
"60" -1.10289468914778 10.3169620616758 8.88244631325128e-22 -1
"61" -0.432398759982104 9.66743497381114 0.00105187137468989 -1
"62" -0.436813050308399 9.66971619652265 0.000841555236093547 -1
"63" -0.43680635575385 9.66971619652265 0.000845405120684878 -1
"64" -0.436832433411071 9.66971619652265 0.000830511409646744 -1
"65" -0.436813263499482 9.66971619652265 0.000841432936173065 -1
"66" -0.436833868646332 9.66971619652265 0.000829699706042152 -1
"67" -0.43240037119932 9.66743497381114 0.00105076341637721 -1
"68" -1.77882269810313 12.7036354076155 1.34887356801522e-135 -1
"69" -1.66307717911542 11.0806224834726 1.27436369473013e-74 -1
"70" -1.56414892592397 10.5506060532863 3.08824250491487e-52 -1
"71" -3.44585062158002 9.11192243444714 1.0570129355737e-84 -1
"72" -3.44584967723033 9.11192243444714 9.93051121856823e-85 -1
"73" -4.37717813968455 11.3593405014522 5.03910745419725e-242 -1
"74" -3.53741694056909 7.68150051138871 6.78755590845958e-32 -1
"75" -2.56274120305193e-15 3.81610492262238 1 0
"76" 0.803233583234567 9.37890143245186 5.12859281220761e-07 1
"77" 0.803244333752565 9.37890143245186 5.22678881220279e-07 1
"78" 0.958941547055153 11.012736236324 2.32229004823922e-19 1
"79" 0.458194473527792 10.6261825519732 8.21836335567931e-06 1
"80" -0.396839707494068 10.2220587760868 0.00145844527421582 -1
"81" -0.396824265827754 10.2220587760868 0.00144023093455384 -1
"82" -0.647811044430339 11.986587798826 3.99555867724038e-17 -1
"83" 0.221512852626423 9.35066301938003 0.15559287703108 0
"84" -0.505909279125485 6.65950699083014 0.210030276710537 0
"85" -0.429719367074276 12.5895772359752 4.36479353279534e-07 -1
"86" 0.342960114176303 11.0456949788397 0.000454084921070808 1
"87" 0.209649656402073 10.1860721515573 0.0525539564920633 0
"88" -0.177314777333305 9.79041198828216 0.21839204184067 0
"89" -2.57050425847502 10.7470097341325 5.74224788009195e-115 -1
"90" -2.58766824150309 10.6771959267163 5.39190312101777e-125 -1
"91" -0.158947361535874 11.4071021423084 0.0643025935304449 0
"92" -0.158933485081712 11.4071021423084 0.0638990107456112 0
"93" -1.50816062378145 5.96700797116966 0.101476663575866 0
"94" -0.620859326005522 10.7923856872502 2.38515820651987e-11 -1
"95" 0.138155402030893 8.1519481756307 0.642590122183483 0
"96" 0.138195683598238 8.1519481756307 0.641436265417278 0
"97" 0.138195549429948 8.1519481756307 0.641440096826748 0
"98" 0.138204373334453 8.1519481756307 0.641188282268932 0
"99" 0.138210390617644 8.1519481756307 0.641016757164716 0
"100" 0.13821196668453 8.1519481756307 0.640971856796876 0
"101" 0.138196472071083 8.1519481756307 0.641413750789731 0
"102" 0.13817864839665 8.1519481756307 0.641923365376232 0
"103" 0.138239965574298 8.1519481756307 0.640175997518 0
"104" 0.0459586150121503 12.047264173129 0.599652117184973 0
"105" 0.0459570950723528 12.047264173129 0.599725049137184 0
"106" 0.0459555620120842 12.047264173129 0.59979862616623 0
"107" -0.209513508756976 11.7049682511275 0.0108076880064206 -1
"108" -0.209509177982523 11.7049682511275 0.0107306793171538 -1
"109" -0.209504868457734 11.7049682511275 0.0106546592618219 -1
"110" -0.217993692846418 11.8387602509069 0.00671336222297668 -1
"111" -0.0140541843674597 10.8149903576895 0.876159510632892 0
"112" 0.625423054060798 5.65884406463862 0.528612809209053 0
"113" -0.121201548899693 6.69121896336039 0.833823126704789 0
"114" -4.1181782804043 10.5301692012124 5.86821316319977e-29 -1
"115" -4.1182012494842 10.5301692012124 5.51600988915372e-29 -1
"116" -4.11822428554713 10.5301692012124 5.18386148818269e-29 -1
"117" -4.11824738895945 10.5301692012124 5.02699648275995e-29 -1
"118" -0.258004566007594 10.6087569412407 0.0304064491553822 -1
"119" -0.250311162192382 11.40821833204 0.00321720799120262 -1
"120" -3.41314920354794 11.5435278953201 1.19989746265006e-29 -1
"121" -3.41314441305443 11.5435278953201 1.24365858351472e-29 -1
"122" -3.41314165966004 11.5435278953201 1.2695269768533e-29 -1
"123" -3.41313888366112 11.5435278953201 1.29615064704861e-29 -1
"124" -3.41313608477923 11.5435278953201 1.32355716087823e-29 -1
"125" -3.4131332627313 11.5435278953201 1.351775281287e-29 -1
"126" 0.191073131691509 10.5201844582595 0.142766973573215 0
"127" 0.131245884965498 10.3386062901467 0.33276953389774 0
"128" 0.191074464847416 10.5201844582595 0.14235909139944 0
"129" 0.131246063474802 10.3386062901467 0.332371210765706 0
"130" 1.63686921650597 5.08719783952555 0.128080800494374 0
"131" -1.3072507575309 10.741155294437 2.39530650415025e-33 -1
"132" 1.42945259047637 9.58207318252116 2.95953633755809e-18 1
"133" 0.61451922092819 12.4192098268504 1.12394895371911e-09 1
"134" 4.43410631011812 8.82879629797741 1.74943380094758e-58 1
"135" 4.43410638214672 8.82879629797741 1.7020672080244e-58 1
"136" 4.43410654034053 8.82879629797741 1.60012104785735e-58 1
"137" 4.43410688352918 8.82879629797741 1.38837144096188e-58 1
"138" -0.143598891126073 9.09495764891208 0.423506165515487 0
"139" -0.140754526572952 9.15978753563468 0.447545077377319 0
"140" -1.00164389892732 8.11930786798809 9.012936961047e-05 -1
"141" -1.00164220593261 8.11930786798809 8.82764078029252e-05 -1
"142" -0.375523199458398 10.5959180591577 0.000501503453931995 -1
"143" -0.37552222733981 10.5959180591577 0.00050114746349474 -1
"144" -0.375521324497258 10.5959180591577 0.000500817072195169 -1
"145" -3.7610371431675 9.85278856041268 1.1435508512245e-119 -1
"146" 0.0685088311069514 11.126572185122 0.447165096377508 0
"147" 0.0685088140395806 11.126572185122 0.447374672566369 0
"148" 0.163235794554642 9.86003564911518 0.242399243280175 0
"149" 0.0685087980578857 11.126572185122 0.447585305889332 0
"150" 0.0685088123574652 11.126572185122 0.447396134515463 0
"151" 0.163239523670014 9.86003564911518 0.242694511194128 0
"152" 0.0685087823053075 11.126572185122 0.447809938099407 0
"153" 0.0685087893351501 11.126572185122 0.447707337343721 0
"154" 0.0685087966655574 11.126572185122 0.447604421335942 0
"155" -0.437846254371454 8.1131248682972 0.0579846104286931 0
"156" -0.437847353486741 8.1131248682972 0.057910647159301 0
"157" -0.437769037357285 8.1131248682972 0.0634413753208194 0
"158" 4.67889717905448 6.03694151294615 5.91175450041682e-05 1
"159" -0.618490303773015 9.56814984777322 1.50832110657997e-06 -1
"160" -0.618485341504752 9.56814984777322 1.52817808809467e-06 -1
"161" -0.43656008230613 8.56947530737005 0.0278342072869355 -1
"162" -0.618491340223594 9.56814984777322 1.50420609111867e-06 -1
"163" 1.15000857520034 5.84522782449465 0.151602795554372 0
"164" -1.31387815942553 11.3143740394638 3.73427595929323e-38 -1
"165" -1.3146589894224 11.3129032440421 5.35618653337696e-38 -1
"166" -1.31464650598228 11.3129032440421 6.47960240674055e-38 -1
"167" -1.13836640669815 10.8498607791567 8.33170981004498e-25 -1
"168" 0.665398467853791 9.50438462511155 7.25277316139558e-07 1
"169" 0.665403444287999 9.50438462511155 7.20513536613169e-07 1
"170" 0.665394046954041 9.50438462511155 7.29535311824398e-07 1
"171" -0.0573029240015772 9.90384891349166 0.687634123049211 0
"172" -0.0573175127864542 9.90384891349166 0.687259061057122 0
"173" -0.0573320744076544 9.90384891349166 0.686885181093014 0
"174" -0.0573465554684225 9.90384891349166 0.686513847394654 0
"175" -0.0573609567297605 9.90384891349166 0.686145031156974 0
"176" -0.0573752789645862 9.90384891349166 0.685778703467316 0
"177" -0.435564842293532 9.64443510719244 0.00340587995285088 -1
"178" -0.435562240003553 9.64443510719244 0.00341521049339117 -1
"179" -0.435559668994951 9.64443510719244 0.00342445458866822 -1
"180" -0.0339702368790935 10.2464791194505 0.761695192597949 0
"181" -0.0339712966933207 10.2464791194505 0.761532568738837 0
"182" -0.0339724187308453 10.2464791194505 0.761360804938274 0
"183" -0.0339732598049585 10.2464791194505 0.761232325551668 0
"184" -0.033967550733283 10.2464791194505 0.76210905837021 0
"185" 0.0729227838333545 11.386136949522 0.395292776779302 0
"186" 0.0233252216609661 9.63909219556623 0.871204649007941 0
"187" 0.0233121187937826 9.63909219556623 0.871148997097954 0
"188" 0.0232847397968485 9.63909219556623 0.871032789279148 0
"189" 0.0304197315469291 9.63227561143066 0.849912517014139 0
"190" 0.030384074829597 9.63227561143066 0.849738729415694 0
"191" -0.889515135803751 8.03985204627334 0.00501516693908226 -1
"192" -0.159994153642351 12.7948492566042 0.0194844489141554 -1
"193" -0.130148177919515 12.7529713831633 0.0560037809362237 0
"194" -0.130150882209677 12.7529713831633 0.0564812993629246 0
"195" -0.408085152023106 12.2279033735875 0.000163486419607 -1
"196" -0.40808921024951 12.2279033735875 0.00015964794937937 -1
"197" 6.88568197408608 8.82097195999616 6.48500203425186e-63 1
"198" 1.80085205550688 8.03761175070043 7.11510101101939e-12 1
"199" 1.69009296769103 10.0676037912025 9.04985914471244e-29 1
"200" -1.0920258976635 12.3175630806394 7.87533749830998e-52 -1
"201" -1.09202924060926 12.3175630806394 1.02636798193385e-51 -1
"202" -1.09203278246396 12.3175630806394 1.35894527989968e-51 -1
"203" -0.791021851163611 12.8707765591857 1.72656267331702e-23 -1
"204" -0.791023240100604 12.8707765591857 2.02065898822131e-23 -1
"205" -1.09203885559108 12.3175630806394 2.19921337297226e-51 -1
"206" -4.04694275804377 9.99609973484741 1.1968357004762e-06 -1
"207" 1.7778088210667 5.75313870607946 0.0680990103365861 0
"208" 1.7778088210667 5.75313870607946 0.0680990103365861 0
"209" 1.66742283125661 5.68904681324096 0.0920433951581613 0
"210" 2.99884364906967 7.67155233666933 1.94800636913656e-15 1
"211" 2.99887531605025 7.67155233666933 1.84503227198371e-15 1
"212" 2.99894359696058 7.67155233666933 1.64240699065059e-15 1
"213" 0.338472079653743 10.320600483032 0.00130723248315313 1
"214" 0.338471324472599 10.320600483032 0.00131340895963152 1
"215" 0.338470073238493 10.320600483032 0.00132374997449226 1
"216" 0.339769460511611 10.3138981127473 0.00125133772597108 1
"217" 1.74211388203005 9.6291759523074 1.584946407801e-33 1
"218" 1.19405507160208 11.3446635108379 1.99884341893531e-30 1
"219" 1.19404365525872 11.3446635108379 2.31405019823022e-30 1
"220" -1.2067725292356 11.4682053962772 1.15441512322995e-48 -1
"221" -1.20677372926353 11.4682053962772 1.20810500064851e-48 -1
"222" 0.306439835642837 9.25799143187391 0.0430839111204744 0
"223" 0.306463304165658 9.25799143187391 0.0428372115231066 0
"224" 0.306487042687339 9.25799143187391 0.0425893993603977 0
"225" -1.08004316972722 10.7071182433783 5.56706075652252e-28 -1
"226" -1.08004369038812 10.7071182433783 5.14753888922552e-28 -1
"227" -1.08004118376951 10.7071182433783 7.50068492184686e-28 -1
"228" 2.72367561833264 6.47035122997453 4.99118097971055e-05 1
"229" 2.60430112247614 6.37348750670888 0.000247725961087925 1
"230" 0.173151369399764 8.66979837833599 0.370878941750451 0
"231" 0.173126609156888 8.66979837833599 0.369935098328085 0
"232" 1.66477082041273 11.2751743972582 2.59005005761028e-50 1
"233" 1.66476421351413 11.2751743972582 3.25102790985716e-50 1
"234" -3.51176716166202 9.36066926461855 7.34321001684569e-08 -1
"235" -3.51176563324936 9.36066926461855 7.3537633834709e-08 -1
"236" 3.43370881794169 6.99358769316152 0.000172750351795511 1
"237" -0.86689783029179 12.7287441412603 4.428923234401e-35 -1
"238" -0.987248495358484 12.4310660832687 7.18468260987773e-33 -1
"239" -0.987255265262198 12.4310660832687 8.33560483735359e-33 -1
"240" 1.00125555838854 9.80044531494262 3.28867341868415e-12 1
"241" -0.243914223134813 11.5147331249917 0.00900665199252871 -1
"242" 0.123908026877882 10.764893903208 0.328613210416085 0
"243" 0.097104302091662 10.8109791547978 0.444192938332194 0
"244" 0.122493822248374 10.7541641377628 0.335026562124454 0
"245" 0.197834910746004 10.4794798615462 0.111941617276442 0
"246" 0.197862077170504 10.4794798615462 0.111336142667505 0
"247" -0.0290151368490428 8.29651382735847 0.909823328103798 0
"248" -0.0290109646062277 8.29651382735847 0.909800572807486 0
"249" 4.29175326368006 7.57086598134582 2.43061849653539e-21 1
"250" 4.29178080012343 7.57086598134582 2.24272192281672e-21 1
"251" 4.26232821357043 7.54484179370393 6.11092819078162e-21 1
"252" 4.2622834419406 7.54484179370393 6.90898109021722e-21 1
"253" 4.26230525904767 7.54484179370393 6.50721151196242e-21 1
"254" 0.303952282141568 11.783335464626 0.000881414109022238 1
"255" 0.21349920574311 11.3173809148372 0.0295401503934025 1
"256" 0.630212080136228 11.2714899230571 1.63399802104858e-12 1
"257" 0.238241420992996 6.70783404986987 0.653657605366088 0
"258" 3.31207001640462 7.2544067021452 3.1573032788513e-06 1
"259" 1.08535116721006 10.1069765904328 2.49099216936412e-13 1
"260" 1.25097103448021 9.86744955177208 9.01359437180726e-16 1
"261" 1.23044989560313 9.81964549268508 7.41404714375575e-14 1
"262" 1.03898403640456 9.42012434734947 1.69662406991114e-08 1
"263" -0.659342461974768 10.2871924343019 2.16688392226494e-10 -1
"264" 1.39277487715466 9.31751842707977 7.48526596305811e-17 1
"265" 1.76711338198131 8.21309990384941 2.93316021493236e-08 1
"266" 1.76711156994243 8.21309990384941 2.91406113794411e-08 1
"267" 1.76710881589152 8.21309990384941 2.88530682745616e-08 1
"268" 0.127954396825672 9.24381569170371 0.452121261636929 0
"269" 0.104397205025673 9.25833607660056 0.543607492535345 0
"270" 0.0967552969331846 9.26139164176292 0.564092024279826 0
"271" 0.0967794045188177 9.26139164176292 0.564391414084137 0
"272" 0.128190745292526 9.24381569170371 0.455498533415897 0
"273" -1.24865897830619 10.8078056996154 7.35240933764832e-34 -1
"274" 1.08321918569032 7.02211075734858 0.0156125810870404 1
"275" 1.08318275512657 7.02211075734858 0.0155342130444578 1
"276" 5.4578241915031 9.7737189859335 3.10689739239656e-136 1
"277" 0.00452407543557956 9.52523477889421 0.999999999999999 0
"278" -3.23968860543534 11.7404325266529 5.09594401701395e-48 -1
"279" -3.03818351583077 10.9479412579541 8.08423888798787e-59 -1
"280" 4.36324203566906 10.8770986395873 2.87137023358549e-195 1
"281" 4.36324549400295 10.8770986395873 1.67569200488513e-195 1
"282" -0.103944742790803 10.704139973465 0.301641386942273 0
"283" -0.10189174041834 10.6904981324941 0.321794944953081 0
"284" -1.61972091752674 7.04284839135623 0.0286433599686561 -1
"285" -1.61980464385434 7.04284839135623 0.028349431725814 -1
"286" -1.61983408628529 7.04284839135623 0.0282467817046761 -1
"287" -3.18470886367384 6.12496231774987 5.68624751133446e-07 -1
"288" -0.229104672886315 10.7356721832317 0.0309086512948632 0
"289" -0.454559013187739 11.0013279117449 5.73901035663994e-07 -1
"290" -0.454560292072973 11.0013279117449 5.81697020794456e-07 -1
"291" -0.45456074107456 11.0013279117449 5.8445952570325e-07 -1
"292" -0.454561191000975 11.0013279117449 5.87241080736887e-07 -1
"293" 2.77721935966297 4.87379981698762 0.0337878764785894 0
"294" -3.94197212910405 11.6449270648323 0 -1
"295" 4.72946118549136 10.1962633833352 3.36901446639192e-122 1
"296" 4.51209613862312 8.5207162407611 1.83811007469554e-46 1
"297" 4.93050388553291 7.85957359759391 4.28742426557882e-34 1
"298" 4.93050536968921 7.85957359759391 4.41805070200699e-34 1
"299" 6.56055605198141 5.92615402717869 2.01611000296594e-06 1
"300" 4.53109885020374 5.9817888264718 4.63770275453162e-05 1
"301" -2.56274120305193e-15 3.81610492262238 1 0
"302" 2.97704837037106 4.13757068351786 0.292640389907872 0
"303" 2.02400150517682 9.17598025603015 4.35151987182994e-33 1
"304" 2.54939003622517 7.19279089933939 9.15171548972997e-11 1
"305" 3.70406948743746 5.36029050381514 0.00214811032221962 1
"306" -0.300106193162038 8.62104164201778 0.131079962320282 0
"307" 0.0674190520498587 9.23253368469807 0.696532392629634 0
"308" 0.0674163388987182 9.23253368469807 0.696657074578359 0
"309" -0.823227205199982 5.44334426573775 0.289228120926731 0
"310" 0.959166195024408 9.20292444716409 2.7706877136269e-08 1
"311" 0.777240729303224 9.32070351266329 1.59463350577833e-06 1
"312" -1.13396327217084 6.04370515253944 0.0406648654932517 0
"313" -1.13393981350497 6.04370515253944 0.0407135687011754 0
"314" -0.72104110718753 7.77202981140632 0.00820479212779869 -1
"315" 0.671477687287246 4.69103442261018 0.796758242265023 0
"316" -3.18603778969335 8.50725431409009 7.79940235272789e-28 -1
"317" -3.18602651739361 8.50725431409009 8.00101942637696e-28 -1
"318" -2.06145231157973 6.5834104856886 5.35531945863259e-05 -1
"319" -0.562907579168324 10.9692044605367 3.54023917885342e-10 -1
"320" -0.562905743999549 10.9692044605367 3.65692694789469e-10 -1
"321" -0.562903902465928 10.9692044605367 3.77787903064458e-10 -1
"322" -0.562902054532766 10.9692044605367 3.90326603206318e-10 -1
"323" -0.562900200165299 10.9692044605367 4.03326594481846e-10 -1
"324" -0.562898339328697 10.9692044605367 4.16806449247326e-10 -1
"325" -0.562897591553399 10.9692044605367 4.2234916446672e-10 -1
"326" -0.562896841855818 10.9692044605367 4.27979997268591e-10 -1
"327" -0.562896090227546 10.9692044605367 4.33700567752975e-10 -1
"328" -0.562895336660131 10.9692044605367 4.39512529653598e-10 -1
"329" -0.592534882410298 10.8502640513751 1.39589627819893e-10 -1
"330" -0.592533320595975 10.8502640513751 1.43059959526509e-10 -1
"331" -0.878175096824517 10.5483142397604 2.70073227978964e-19 -1
"332" 3.68744693043337 4.31851074537353 0.100754603858674 0
"333" -0.233422784949821 9.52495976735982 0.10071035110328 0
"334" -0.23340071366111 9.52495976735982 0.100191137149777 0
"335" -0.233378657845329 9.52495976735982 0.0996749678168355 0
"336" 1.66887298246463 6.31250788158895 0.00165410023715589 1
"337" 1.25803597507143 4.62315812324627 0.387247854905246 0
"338" -1.84146697589915 9.759527452092 1.40896713500829e-46 -1
"339" -1.84143275469671 9.759527452092 2.30823938216631e-46 -1
"340" -4.46727822539891 10.19155241062 7.27754185452648e-174 -1
"341" -4.46727645048103 10.19155241062 1.49744711503132e-174 -1
"342" -0.407034251266252 11.5608838700851 0.0001001463334175 -1
"343" -0.407040026559906 11.5608838700851 0.00010114308747801 -1
"344" -0.407045838415225 11.5608838700851 0.000102156303032143 -1
"345" -0.407051687184281 11.5608838700851 0.000103186340467003 -1
"346" -0.407057573223686 11.5608838700851 0.000104233569883022 -1
"347" -0.120335250604065 8.53974936787297 0.558516924034052 0
"348" -0.120315424507653 8.53974936787297 0.558252003228426 0
"349" -0.563419171745408 6.01457538484312 0.275844912561603 0
"350" 0.0247309347457521 9.38299023684673 0.873660377491163 0
"351" 0.022979297527579 8.44715105245558 0.957587680431535 0
"352" 1.14554649728267 9.53285888585115 2.62287353366362e-15 1
"353" 1.14555776362738 9.53285888585115 2.53636733326359e-15 1
"354" 5.04075582462378 9.68616745628501 3.99795024730467e-119 1
"355" 5.04076126179502 9.68616745628501 5.79999699092059e-119 1
"356" 5.04075549385226 9.68616745628501 3.90881333518903e-119 1
"357" -2.50311947774101 10.9331816345525 1.14945220344205e-115 -1
"358" -2.4372509099628 10.9734615724481 2.00404322726748e-112 -1
"359" -2.48239927676437 10.7666124465684 6.05920413305282e-108 -1
"360" -2.40829190574831 10.9314069142965 8.27270140728159e-105 -1
"361" 2.02368394881756 6.56436009114431 4.16599397108964e-05 1
"362" 2.65908430803791 6.22526553854986 2.58901640303175e-05 1
"363" 0.426204220870169 10.0643319241671 0.000395354428917144 1
"364" -0.0210719350346136 10.3431067562863 0.852399213257401 0
"365" -0.139881368576019 10.0345625164692 0.212951139577487 0
"366" -0.134789603714531 10.0145245708056 0.247365349198141 0
"367" -0.127496875340086 9.53481079215446 0.327932495411289 0
"368" -1.79429329269676 10.275740637352 4.33921691349479e-49 -1
"369" -0.0305576407564968 9.79169777954024 0.81798926226927 0
"370" -0.0305542368499418 9.79169777954024 0.819528854237987 0
"371" 0.011248595107363 9.76314998154673 0.946032388905428 0
"372" 0.0112485830924596 9.76314998154673 0.946037200112088 0
"373" 0.0112485778376997 9.76314998154673 0.946039311571873 0
"374" 0.0112487952876836 9.76314998154673 0.945955365084269 0
"375" 0.0112489829801251 9.76314998154673 0.945887825002098 0
"376" 0.0112490817041163 9.76314998154673 0.945853849916727 0
"377" 0.0112491961286479 9.76314998154673 0.945815659038094 0
"378" 0.0112493265427715 9.76314998154673 0.945773547083926 0
"379" 0.0112493734773213 9.76314998154673 0.945758733542788 0
"380" 0.0112493929246868 9.76314998154673 0.945752646040936 0
"381" 0.0112496563410015 9.76314998154673 0.945672889777952 0
"382" 0.022499271212094 9.41257790615896 0.936667942715339 0
"383" 0.81783186155242 10.6588228106866 6.71747465972628e-13 1
"384" 0.81783432554996 10.6588228106866 6.61758104747172e-13 1
"385" 0.726158945058744 9.0950185159013 0.000764895302903996 1
"386" 0.726162270347842 9.0950185159013 0.000762152492480998 1
"387" 0.726174962707304 9.0950185159013 0.00075178071830179 1
"388" -0.653680916202812 9.5828708759842 2.02756984086586e-06 -1
"389" -0.65367904737724 9.5828708759842 2.02226009220353e-06 -1
"390" -3.59092661103303 9.53421091268557 6.96938270175344e-113 -1
"391" 1.04794384497104 8.48207928650356 8.28451188181738e-06 1
"392" 0.615116910924575 8.96902870844566 0.000163297691117082 1
"393" 0.615118009935555 8.96902870844566 0.000163864160814592 1
"394" 0.615116737209946 8.96902870844566 0.000163208354045143 1
"395" 0.615115476679171 8.96902870844566 0.000162561738501177 1
"396" 0.615125128776138 8.96902870844566 0.000167587418309109 1
"397" 0.927629659778381 7.58008280988833 0.00159279486079208 1
"398" 0.927626667997328 7.58008280988833 0.00156823347313398 1
"399" 0.765794551428487 11.0344791007438 2.78129279355383e-11 1
"400" 0.765802205274276 11.0344791007438 2.68622125852787e-11 1
"401" 0.76579625275047 11.0344791007438 2.75987438127482e-11 1
"402" 0.765790638100613 11.0344791007438 2.83118925100153e-11 1
"403" 0.765798639301517 11.0344791007438 2.73010603319292e-11 1
"404" 0.776928576007424 11.0288068522508 1.44391805074898e-11 1
"405" 1.92740312923355 9.06552993000211 2.19437316233722e-24 1
"406" 0.201715074741443 11.8319103834592 0.0164899983031603 1
"407" -1.4741338811393 5.90838410339731 0.00720834493914472 -1
"408" -3.14358187288466 7.98347548223487 4.25773685343347e-30 -1
"409" -3.14360707271329 7.98347548223487 3.88147067541041e-30 -1
"410" -3.17570332289726 7.90361307619015 3.75225001357605e-31 -1
"411" -3.17569879584659 7.90361307619015 3.81514004023762e-31 -1
"412" 0.123944269451889 10.0377903775371 0.405130155031878 0
"413" -1.39349223607655 7.79086599589754 1.29580060303041e-06 -1
"414" -1.39348600097839 7.79086599589754 1.27975867713834e-06 -1
"415" -3.82956943123978 4.23257232723858 0.100754603858674 0
"416" -0.996570265935971 4.98742938498546 0.385944378522217 0
"417" -0.996694164537025 4.98742938498546 0.385628521530415 0
"418" -0.99686326393294 4.98742938498546 0.385198092279566 0
"419" -0.992916253656294 5.69261749822401 0.182788040560042 0
"420" 4.33142299778064 4.55279042556864 0.0392623851275122 0
"421" -0.273048273117968 5.72479962214223 0.829292697247485 0
"422" 0.97835967388778 5.51408263183134 0.163759419797229 0
"423" 0.978351974179885 5.51408263183134 0.163334560832049 0
"424" 1.29787774168993 9.89948090324241 6.23656715887623e-17 1
"425" -1.40913233741451 4.98897046347428 0.178778066214662 0
"426" 0.690712736829 9.64473427760549 9.28134553356097e-08 1
"427" 3.22946878088837 5.13547331814596 0.0097397125561069 1
"428" 0.328041436589983 11.0450533718502 0.000547772910299131 1
"429" 0.312333256367175 11.0338277939472 0.0010649654977138 1
"430" 0.312325180821507 11.0338277939472 0.00107480540776584 1
"431" 0.312317079158973 11.0338277939472 0.00108477424352673 1
"432" 0.312309317834155 11.0338277939472 0.0010944164576861 1
"433" 0.672485861847163 5.23020066573199 0.567525797806295 0
"434" 0.622089919779319 9.93659509473025 1.73498752438027e-06 1
"435" 0.622084628880543 9.93659509473025 1.70380172808608e-06 1
"436" 0.622075414579753 9.93659509473025 1.65071256495428e-06 1
"437" 0.622070732718271 9.93659509473025 1.62432159187202e-06 1
"438" -0.929382409296807 9.81402934588386 1.45720530351687e-11 -1
"439" -0.929397979976161 9.81402934588386 1.55152589048599e-11 -1
"440" 1.3270939774269 9.64727799239672 4.06195464195823e-21 1
"441" 1.32709754931381 9.64727799239672 4.9119914193824e-21 1
"442" 1.32710003942948 9.64727799239672 5.62627557142266e-21 1
"443" 0.409604831645639 8.5232099721286 0.04024365138218 0
"444" 0.409605312677496 8.5232099721286 0.0403006788092069 0
"445" 0.409604393796795 8.5232099721286 0.0401918078290977 0
"446" 6.57263979776494 5.95273985981675 5.44346688535768e-08 1
"447" 2.97704837037106 4.13757068351786 0.292640389907872 0
"448" -0.098206798968957 5.36150964656745 0.999999999999999 0
"449" 0.36954244889277 4.13800485467607 1 0
"450" 0.36954244889277 4.13800485467607 1 0
"451" -0.376080891280813 7.85073863141684 0.127812148701756 0
"452" -2.6797883298988 7.0706297820996 4.45747538462037e-14 -1
"453" 2.08967476413578 4.98596063288423 0.124835313569946 0
"454" 0.469340819815666 4.4013971805663 0.733267821261709 0
"455" 0.469340819815666 4.4013971805663 0.733267821261709 0
"456" -0.702122573706459 6.55844126407527 0.237107905026914 0
"457" -0.863746720599367 9.36154977571887 6.56406370723021e-11 -1
"458" 0.283868841392903 8.2170766446469 0.259406373054617 0
"459" 0.157910322060025 9.78573622707609 0.243164204430863 0
"460" 0.157930438466732 9.78573622707609 0.243899302589088 0
"461" 0.15792090917802 9.78573622707609 0.243550523411298 0
"462" -0.867587417174439 8.88725644136089 8.12580775583819e-06 -1
"463" -0.745471164350487 8.33215113940332 0.000676509607403257 -1
"464" -0.867601004147262 8.88725644136089 7.96207443478001e-06 -1
"465" -0.867616388482271 8.88725644136089 7.78064458151945e-06 -1
"466" -0.859019581296567 8.86534451339193 1.29913514317593e-05 -1
"467" -0.828078315684484 8.83141340076228 6.76016303898786e-05 -1
"468" 0.97205141163686 8.40734140166106 2.73261330831418e-06 1
"469" 0.924432294402387 8.11086946307584 0.000164706337256627 1
"470" 0.934186037918519 8.11692683608772 0.000207324310139553 1
"471" 1.72743773291829 3.93156337814105 1 0
"472" 4.74630092351401 4.75356328740973 0.0109506191821809 1
"473" -2.14042831973165 6.87506103024437 8.98007500601745e-08 -1
"474" -2.14041175014724 6.87506103024437 8.77367119726569e-08 -1
"475" -2.14039549337474 6.87506103024437 8.57628873808419e-08 -1
"476" -2.14036990674703 6.87506103024437 8.27556783497098e-08 -1
"477" -2.14035338946354 6.87506103024437 8.08768291202288e-08 -1
"478" -0.82806231522234 5.84965834698433 0.285190419408677 0
"479" -0.100233388882349 8.01857991491119 0.715168995348651 0
"480" -0.13335221707481 7.88980159755176 0.667287880923856 0
"481" -0.133337515408944 7.88980159755176 0.667503853925247 0
"482" -0.133322974771284 7.88980159755176 0.667717592663643 0
"483" -0.133355969111654 7.88980159755176 0.667232783438035 0
"484" 0.179565809160979 8.07556514090052 0.487557783977969 0
"485" -0.124497780267198 7.52549642595073 0.711234864461747 0
"486" -0.124495751718012 7.52549642595073 0.711089734020276 0
"487" 0.342806519442568 7.49590986290175 0.316679367571593 0
"488" 1.54568168756998 10.3275278349974 2.53637766227299e-26 1
"489" 1.54569641827867 10.3275278349974 2.36675701510863e-26 1
"490" 1.54571008061272 10.3275278349974 2.21959454555529e-26 1
"491" 1.54575892410895 10.3275278349974 1.76441952380007e-26 1
"492" 1.55179755215919 10.3564265046014 9.99554815711135e-28 1
"493" 1.55182096686846 10.3564265046014 8.84160924838443e-28 1
"494" 1.55184438857073 10.3564265046014 7.82075975951454e-28 1
"495" 1.55186105672044 10.3564265046014 7.16697314747765e-28 1
"496" 1.54576758694576 10.3275278349974 1.69404250943727e-26 1
"497" 0.247862556924447 10.4809000338117 0.0216466573991718 1
"498" 0.247859096902091 10.4809000338117 0.0214759399470775 1
"499" 0.24785575620963 10.4809000338117 0.0213130700697991 1
"500" -0.132419158257895 8.70889512706393 0.492169274154987 0
"501" -0.786293906695584 7.57223733721615 0.00418510510793077 -1
"502" 0.889294269294002 7.52400746068495 0.00755561090780888 1
"503" 0.889304209486808 7.52400746068495 0.00750996431556846 1
"504" -0.345535020599157 6.29794370910493 0.471960640231362 0
"505" 0.92062793755507 5.13858339183269 0.41727890801919 0
"506" 1.6457393472098 8.5485714641928 1.10482292339362e-11 1
"507" 2.39537745988882 7.28029062781324 1.86816459854351e-08 1
"508" 0.253769426387529 7.83561714702489 0.300360392026686 0
"509" 0.253777672080475 7.83561714702489 0.300609462582279 0
"510" -2.28334633049732 8.72401912426605 8.59961246385117e-23 -1
"511" -0.279239489929866 8.07462032768493 0.255885576685924 0
"512" 0.000728914742696098 9.56105725836557 1 0
"513" 0.000704665894160068 9.56105725836557 1 0
"514" 0.670790569386309 9.24855805554922 2.36061226881084e-05 1
"515" 0.658587352075054 8.77943862481889 0.00319426992682031 1
"516" -3.95404601045894 11.503137299747 1.37096663152626e-256 -1
"517" -3.95404617840608 11.503137299747 1.56523529234236e-256 -1
"518" -3.95404413554096 11.503137299747 3.16379300971937e-257 -1
"519" -3.95404203722905 11.503137299747 6.30150147542405e-258 -1
"520" -0.87641310640786 5.48275265396356 0.397750001154525 0
"521" -0.624599316905334 10.6340986780152 3.20299029363487e-10 -1
"522" 0.583862465504348 7.51181767124306 0.0641012906153578 0
"523" 0.583864510343219 7.51181767124306 0.0645548096029035 0
"524" 0.583864050822948 7.51181767124306 0.0644517872728803 0
"525" 0.583862333753359 7.51181767124306 0.0640724982932194 0
"526" 0.540033160893151 7.45574831409626 0.0811568022688108 0
"527" 1.06885676785925 9.86948398983635 8.8039884771081e-16 1
"528" 1.06887882772178 9.86948398983635 7.96822143594452e-16 1
"529" 1.06887829293594 9.86948398983635 7.98751372973928e-16 1
"530" 1.07340463120042 9.86579786747193 1.62674275398333e-15 1
"531" 2.8996366448542 11.2736695047177 3.11936162060929e-94 1
"532" 2.89963581269091 11.2736695047177 4.13976351868715e-94 1
"533" -0.560686324556933 6.42450469982572 0.243786831697272 0
"534" 0.574365590270661 10.7801384535469 2.9241418527821e-06 1
"535" 0.665077035203543 11.4132037580971 2.35488671381077e-08 1
"536" 0.665088175880079 11.4132037580971 2.2648986508378e-08 1
"537" 0.665097192764325 11.4132037580971 2.1945538515056e-08 1
"538" 0.665089892312779 11.4132037580971 2.25133891445776e-08 1
"539" -1.79471992630914 8.28357302097257 2.73662123043485e-13 -1
"540" -1.79470122524826 8.28357302097257 2.59748200540241e-13 -1
"541" -1.79468302894843 8.28357302097257 2.4689590247845e-13 -1
"542" -6.62376085182775 9.3888847382006 5.41005274485099e-130 -1
"543" -7.41322571138085 9.04961605258569 2.00262423051209e-97 -1
"544" 0.510493429499515 9.21332891560627 0.00051244437293976 1
"545" 0.510489275045691 9.21332891560627 0.000513881880360355 1
"546" 0.510503869263199 9.21332891560627 0.0005088517055905 1
"547" 0.510515803168407 9.21332891560627 0.000504779056511067 1
"548" 0.353254112201547 10.0115360044873 0.00300500629666799 1
"549" 0.353259983082557 10.0115360044873 0.00299599883251553 1
"550" 0.426601271234085 9.51703821649088 0.00275842985280141 1
"551" 0.426601199768413 9.51703821649088 0.00275856788745327 1
"552" 4.96227248369178 8.77911479865925 2.74570163197746e-55 1
"553" 4.96228435005093 8.77911479865925 2.48987137277113e-55 1
"554" 0.963508037820373 8.84136070140416 5.60778677112463e-08 1
"555" 0.963466878434489 8.84136070140416 5.33075148707451e-08 1
"556" 0.259912732273063 10.2426362915814 0.0295662851207428 1
"557" -0.201433048962594 7.83047830796576 0.544720852993305 0
"558" -0.0764290077813078 6.08856579436378 1 0
"559" -0.201456529245724 7.83047830796576 0.544482811465473 0
"560" -0.247942058062663 7.20929838677889 0.463321603339637 0
"561" 4.15197845346654 4.47893712218201 0.0392623851275122 0
"562" 4.15197845346654 4.47893712218201 0.0392623851275122 0
"563" 4.15197845346654 4.47893712218201 0.0392623851275122 0
"564" 4.15197845346654 4.47893712218201 0.0392623851275122 0
"565" 3.3350579171486 5.18318908552184 0.00228842090843269 1
"566" 3.33497155386608 5.18318908552184 0.00226114770586054 1
"567" -2.14753848486092 7.2618997402459 2.55373647821229e-10 -1
"568" -2.14766983804866 7.2618997402459 2.30202662723164e-10 -1
"569" -2.14776340027998 7.2618997402459 2.13726304248605e-10 -1
"570" -2.14757373345356 7.2618997402459 2.48374531085049e-10 -1
"571" -2.14739174707229 7.2618997402459 2.8656847044368e-10 -1
"572" -2.13365335266708 7.3812202433588 4.08464328173353e-11 -1
"573" -2.13365020515045 7.3812202433588 4.12722980891061e-11 -1
"574" 1.23440668752486 9.32368168807343 8.25648344828364e-14 1
"575" 1.22442051494715 9.28179066651879 1.94755505796822e-12 1
"576" 1.22443134899738 9.28179066651879 2.00380102273306e-12 1
"577" 1.23439627475951 9.32368168807343 8.00425480442108e-14 1
"578" 0.425649102178357 7.56887989967354 0.159850031556823 0
"579" 0.425491419104747 7.56887989967354 0.158831723852634 0
"580" -1.00336094824927 10.345144626713 7.57725972081712e-18 -1
"581" -0.836435188005888 9.61180006530206 2.65406195876245e-10 -1
"582" 0.610138209213998 11.7898391599391 8.96673138027593e-12 1
"583" 0.610133247427345 11.7898391599391 9.16905030862993e-12 1
"584" 0.610128253418696 11.7898391599391 9.3773096150402e-12 1
"585" 0.503327006906739 8.97367271683463 0.00549099394437356 1
"586" 0.503336614891085 8.97367271683463 0.00544453122580206 1
"587" 0.503346992053703 8.97367271683463 0.00539463273750445 1
"588" 0.443500926419211 8.85451413305013 0.0254838707744255 1
"589" 0.414445298437541 8.68942380536639 0.0454468531985802 0
"590" -2.92266951195629 7.98866566452826 2.24416281225301e-29 -1
"591" -2.92270074085487 7.98866566452826 1.98310106206353e-29 -1
"592" -2.92273052402785 7.98866566452826 1.76174367988434e-29 -1
"593" -2.9226773341107 7.98866566452826 2.17580149070591e-29 -1
"594" -2.92260382939042 7.98866566452826 2.90668995400207e-29 -1
"595" -2.92252616702324 7.98866566452826 3.93697643864214e-29 -1
"596" -0.33823015584445 10.0357016819074 0.0026388011207026 -1
"597" -0.0184498350590619 8.75143059466253 0.926794312644336 0
"598" -0.701026028614843 9.65551592995981 1.53964322526573e-08 -1
"599" -2.10953706772015 9.36961465548194 5.52930237334125e-39 -1
"600" -2.1095398178894 9.36961465548194 4.75627319755574e-39 -1
"601" 0.676103966832687 9.86369775809489 2.04862336870576e-07 1
"602" 0.676096279914716 9.86369775809489 2.06872715136886e-07 1
"603" 0.6761220374648 9.86369775809489 2.00214606254258e-07 1
"604" 0.446459828312058 9.06965245131116 0.0114603036856516 1
"605" 0.366439542552584 8.22377340483419 0.201441770775059 0
"606" -2.40346164257387 12.4899897110526 1.18012962106705e-192 -1
"607" 4.15197845346654 4.47893712218201 0.0392623851275122 0
"608" 1.3244489792502 4.31867954892856 0.440625425308898 0
"609" -2.27584125578737 6.19492254696353 3.46071901244767e-05 -1
"610" -1.45271683676673 5.1415474707813 0.14761321779837 0
"611" -2.33681408940186 6.12298348953803 2.21953157294708e-05 -1
"612" -2.41123135571611 6.17149291545455 8.75670620540371e-06 -1
"613" -0.740009049984053 4.62461550006622 0.790163045144986 0
"614" 0.541998584931037 9.43821241649076 0.000283645196314957 1
"615" 4.79017423289076 4.75449416022987 0.0114013913508216 1
"616" 0.416718366107349 10.6908217275865 8.99108567285531e-05 1
"617" 0.441409131687925 10.6673282015427 2.89853511715836e-05 1
"618" 0.441410945416033 10.6673282015427 2.92830692129042e-05 1
"619" 0.727127742200797 12.1468858051579 4.44996783642524e-14 1
"620" 0.256514414745605 4.55310522488717 0.999999999999994 0
"621" -0.308115574817013 7.85159139651022 0.279089190744972 0
"622" -0.308106430446746 7.85159139651022 0.2792555657256 0
"623" 7.12072299714811 6.4088327972113 1.79680532679347e-12 1
"624" 0.863267810028755 9.68452193034202 5.54066286831325e-10 1
"625" 0.863280170354607 9.68452193034202 5.42392184957506e-10 1
"626" -0.698494232157725 9.16785007488954 2.50074171227614e-05 -1
"627" -0.712008544493797 9.16199274059334 2.01265902440061e-05 -1
"628" -0.712011289435812 9.16199274059334 1.95565145563496e-05 -1
"629" -0.712015732831816 9.16199274059334 1.8672152389865e-05 -1
"630" -0.712017887621737 9.16199274059334 1.82597059451351e-05 -1
"631" -0.712020053565028 9.16199274059334 1.78555185233684e-05 -1
"632" 3.24210390849915 9.66289979151251 4.85380149306145e-47 1
"633" -2.24884474868047 8.27729286897515 8.25280446014588e-22 -1
"634" 6.17232488655373 5.65238284568063 7.53034751138175e-07 1
"635" 6.17228653945276 5.65238284568063 7.40582581377741e-07 1
"636" 6.31031566900404 5.74957152612761 2.82591847334516e-07 1
"637" 1.35671840298682 7.59519108201228 0.000101243148380433 1
"638" 1.35679482326915 7.59519108201228 9.57529790580244e-05 1
"639" 1.35043605634169 7.5508503822613 8.95545435644367e-05 1
"640" 1.35047360443066 7.5508503822613 8.7657171214716e-05 1
"641" 1.35051256760195 7.5508503822613 8.57261756399494e-05 1
"642" 1.35052903344161 7.5508503822613 8.4921575580759e-05 1
"643" -0.502331306494697 6.14050597650444 0.370517865500679 0
"644" -0.502353487424774 6.14050597650444 0.370790242198521 0
"645" -0.403448322446493 10.0028446029628 0.000400196086608323 -1
"646" -0.406981136520436 10.0046717249653 0.000376183130123934 -1
"647" 2.78840285702271 7.98501234424728 9.56934759686913e-23 1
"648" 2.78836738814702 7.98501234424728 1.10197025569754e-22 1
"649" 2.78834027278606 7.98501234424728 1.22813642098172e-22 1
"650" 2.78836672027559 7.98501234424728 1.10491043869985e-22 1
"651" 0.100296793040761 8.40781667620454 0.668884922232967 0
"652" 0.294058369008439 9.58115241167767 0.107877402660407 0
"653" 0.294070006780673 9.58115241167767 0.10767674092224 0
"654" 1.91477684302296 10.1849549180871 8.04029808742691e-53 1
"655" -0.920629980889205 8.8640135729401 5.53731567243838e-08 -1
"656" -0.236056222421277 8.76339832069012 0.180656592435524 0
"657" -0.236063681432424 8.76339832069012 0.180277899651276 0
"658" -2.81002935452568 7.66175945403999 2.34976979278154e-18 -1
"659" -2.85455118407663 7.69643906372573 8.08867523472403e-20 -1
"660" 1.83624337852382 6.41521092867662 0.00110157663253393 1
"661" 1.83610032312111 6.41521092867662 0.00107126391268624 1
"662" 3.33783483644085 7.47770790157729 3.7613414409466e-18 1
"663" 4.65457965902634 4.69038327437665 0.0168695294334002 1
"664" 4.65457965902634 4.69038327437665 0.0168695294334002 1
"665" 1.21134366533719 8.82213582932024 7.67975040049933e-08 1
"666" 1.21134414157727 8.82213582932024 7.67626111354508e-08 1
"667" 1.21134461643423 8.82213582932024 7.67278349384399e-08 1
"668" -1.56887016707875 7.98961245060473 6.31366679062862e-09 -1
"669" -1.56886413886298 7.98961245060473 6.51635112129283e-09 -1
"670" -1.56886841320986 7.98961245060473 6.37182190825923e-09 -1
"671" -1.56887291505157 7.98961245060473 6.22386223980910e-09 -1
"672" 3.73440783031422 5.43764708054812 0.00682922240146231 1
"673" -2.04380350398071 7.61948680135659 3.37367278696463e-11 -1
"674" -2.02109561651272 7.46074230158728 4.14918944658853e-11 -1
"675" 3.21036480216986 8.27384176528264 8.47227162184082e-31 1
"676" -0.519833202232747 7.41673744773595 0.0984764252421336 0
"677" -0.519865402699833 7.41673744773595 0.0979674871627401 0
"678" -2.65386398478315 9.75820224887036 2.42615269702121e-63 -1
"679" 3.99140386941212 7.89674699894476 2.25347367404994e-30 1
"680" 0.163900477311883 9.5585954667358 0.305961136725403 0
"681" 0.980448487627787 7.62066067289617 0.00158013877122897 1
"682" 0.900191549213452 7.59527933130926 0.00216040127395284 1
"683" -1.52406659519838 10.3419161364408 1.55844471276751e-35 -1
"684" 1.99881471848685 9.39871106557282 2.19095109833188e-34 1
"685" 0.786412297037029 7.80641448061032 0.00322562902440698 1
"686" 0.774528522386833 7.79894958267343 0.00427327003947489 1
"687" 0.209236785255502 8.82169387384901 0.268743448703035 0
"688" 0.209236387556903 8.82169387384901 0.268424330517499 0
"689" 0.560346041837457 9.35212417893346 9.04863663373471e-05 1
"690" -0.119293925765755 7.76497073815436 0.713282746257345 0
"691" -0.11928778899617 7.76497073815436 0.712803170464644 0
"692" -0.119284458676107 7.76497073815436 0.712543360986007 0
"693" -1.10868125540749 9.95825728439709 2.22001263391816e-19 -1
"694" -0.938689294329527 8.75936205797733 1.13396526042377e-05 -1
"695" -0.93869216025216 8.75936205797733 1.12608787890842e-05 -1
"696" -0.938695014089556 8.75936205797733 1.11829658819452e-05 -1
"697" -1.15438151091889 7.65993284807098 9.23825512091428e-06 -1
"698" 1.3018324096567 8.89797385466758 2.54216224286498e-12 1
"699" 1.30180730964734 8.89797385466758 2.63824797901118e-12 1
"700" 1.30185073117412 8.89797385466758 2.47422334141686e-12 1
"701" 1.33265859853277 8.8410665452045 3.67014946258464e-12 1
"702" 0.671749815502014 11.7477822344953 8.61311642250709e-12 1
"703" 0.618422073504354 11.0726822504781 1.14331443533924e-06 1
"704" 0.613447258342627 11.0744518272003 1.42995500352691e-06 1
"705" 1.16908552414636 10.1875478599457 4.89898805625215e-24 1
"706" -4.73083984057747 8.16803470447704 5.03555948187946e-55 -1
"707" -4.04427934756477 8.28544947656861 4.79620647771022e-53 -1
"708" 1.93175124197801 8.81507387831167 1.48081888020137e-19 1
"709" -0.0165001469346476 13.5029519772106 0.839663049320278 0
"710" -0.0164746197740661 13.5029519772106 0.838448414031735 0
"711" 1.21850381396784 8.42606214491807 1.09344887938993e-05 1
"712" 1.21850998636619 8.42606214491807 1.07288562094739e-05 1
"713" 0.0966623987285774 10.3871311384742 0.414549684420379 0
"714" 0.34963259836434 10.5246339834514 0.0106567227106645 1
"715" -0.766655750804388 11.0450033458114 9.97254380208129e-15 -1
"716" -0.766655598337547 11.0450033458114 1.03546123911935e-14 -1
"717" -0.766655456384967 11.0450033458114 1.07257180147973e-14 -1
"718" -3.16391806696188 10.8710126501384 2.86009092091885e-150 -1
"719" 5.22683156586983 6.57725529232862 1.85239678791788e-12 1
"720" 3.38139493937705 4.23100266417563 0.168728768148719 0
"721" 3.38139493937705 4.23100266417563 0.168728768148719 0
"722" 4.96959170817705 6.37000222239622 5.5331463516077e-11 1
"723" 4.96962360687434 6.37000222239622 5.36273464634725e-11 1
"724" 2.96011090709155 6.46732382283555 8.23060078448941e-07 1
"725" -3.32591497959967 10.6151799294358 4.32871985848548e-177 -1
"726" -0.403439954033476 8.14449611160597 0.0644117326292719 0
"727" -0.60308034971768 8.47177568362377 0.00201240096441608 -1
"728" -4.29076177333 12.0053804576676 0 -1
"729" -2.70580486899465 9.64735504815354 9.18097869842757e-71 -1
"730" -2.50948379992544 8.88885063065281 6.18481326979639e-36 -1
"731" -0.689083378110906 9.38872301362934 8.13572275847196e-06 -1
"732" -0.889281646402011 9.59996694671814 1.39173113303385e-10 -1
"733" -2.35274425329359 6.82906217023982 2.70255751179754e-10 -1
"734" -3.77835585029168 10.7444059130676 3.81387515308268e-212 -1
"735" 0.557140079481053 10.1841426424217 9.81782578858649e-05 1
"736" 0.550052413426246 10.1799174731719 0.000145559101665323 1
"737" 0.550062992462037 10.1799174731719 0.000144178910350131 1
"738" -0.162295185051073 8.81843928633907 0.33413775531732 0
"739" -0.162292233687468 8.81843928633907 0.333977521541138 0
"740" 6.07027052765428 8.91058945249116 4.64817820651363e-66 1
"741" 5.61506881066602 8.48706435955598 1.71374191506021e-47 1
"742" 5.6150683611854 8.48706435955598 1.64553392063359e-47 1
"743" 5.61506791153708 8.48706435955598 1.58034992474177e-47 1
"744" 5.38622215403386 7.92106423531809 3.11777768035665e-36 1
"745" 2.98267991172404 5.92576100711382 0.000206569936336885 1
"746" 1.50381036321321 9.29915231643072 1.69411742203236e-16 1
"747" 1.50381597371779 9.29915231643072 1.53651060259179e-16 1
"748" 1.50382163193238 9.29915231643072 1.3932300715196e-16 1
"749" 1.50382525187291 9.29915231643072 1.30905276179842e-16 1
"750" -0.233520707556318 9.61646569147134 0.0738956378335236 0
"751" -0.233522361059196 9.61646569147134 0.0738055936281655 0
"752" -0.533552920646279 10.1388796579675 2.39201416129534e-06 -1
"753" 1.03035330251814 9.82831574499481 5.6805938981203e-15 1
"754" 1.03036064612466 9.82831574499481 5.48635979554167e-15 1
"755" 1.03031851742853 9.82831574499481 6.69803637806892e-15 1
"756" 1.03041682270021 9.82831574499481 4.204001148547e-15 1
"757" 1.03051043938586 9.82831574499481 2.6967755073938e-15 1
"758" 1.0304678099325 9.82831574499481 3.30116212961191e-15 1
"759" 1.03042882161996 9.82831574499481 3.97153570411203e-15 1
"760" 0.117240727755999 11.0451855552053 0.25829741124101 0
"761" 0.117253020308453 11.0451855552053 0.257632196058458 0
"762" 0.914433452988509 7.24496327915979 0.00499291091455719 1
"763" 0.281801514601499 9.35321101826174 0.0472849139773957 0
"764" 0.93251274307851 5.18383830306982 0.302982443344405 0
"765" -0.446423980908591 9.62381076414239 0.00169379003022753 -1
"766" -1.1743591679974 8.99137813879094 1.561432731386e-11 -1
"767" -0.728938862517872 11.3221668198062 1.63407650491471e-13 -1
"768" -3.81322860814661 10.730103391043 2.43011947596904e-189 -1
"769" -3.87488783434905 10.5445894345196 2.05099399939532e-183 -1
"770" 1.6710061337544 8.91777074805907 2.27241401096996e-18 1
"771" -0.700420956841604 11.1568231272182 2.21634612509511e-14 -1
"772" -0.508647381201982 10.4368008308733 2.54370415448727e-06 -1
"773" -0.508662148044866 10.4368008308733 2.60574599946303e-06 -1
"774" -0.508677477957971 10.4368008308733 2.67175698087706e-06 -1
"775" -0.508695397232528 10.4368008308733 2.75104339613336e-06 -1
"776" -0.50871579413886 10.4368008308733 2.84416352871826e-06 -1
"777" -4.35500041694447 8.33085724209066 2.72908429796308e-55 -1
"778" -1.08897571529959 7.93696407086622 5.33415334311099e-06 -1
"779" -0.42216068610539 10.1690723730881 0.000163865669462338 -1
"780" 1.06267799928706 11.0358474638865 5.76933905098959e-25 1
"781" 1.06268603644576 11.0358474638865 5.37962435305075e-25 1
"782" 1.06270026872018 11.0358474638865 4.75234368866931e-25 1
"783" 1.06269015102955 11.0358474638865 5.19030682013698e-25 1
"784" 0.0662303838232172 8.24262900045655 0.812377337286354 0
"785" 1.1776770588113 6.88802966195489 0.107166363986351 0
"786" -0.241958011507733 12.1343930338758 0.0101531991450853 -1
"787" -0.241957397478719 12.1343930338758 0.0102097993482996 -1
"788" -3.20712383057523 6.84972376560346 4.36619850106101e-14 -1
"789" -4.43707140667198 11.5233378592362 1.64079200983878e-320 -1
"790" -4.43707156634492 11.5233378592362 1.64079200983878e-320 -1
"791" -0.970529504348593 7.27755684559432 0.0236122526109425 -1
"792" 0.0268461865737615 9.22837705296979 0.89916364919339 0
"793" -1.25797241214622 8.6211451131772 1.13263892366947e-09 -1
"794" -0.885384825849264 5.55456529970845 0.262823279965483 0
"795" -0.885432158512432 5.55456529970845 0.262359310968119 0
"796" -0.88547932209928 5.55456529970845 0.261898142783092 0
"797" 0.183361339425785 6.44270079947611 0.811848866973343 0
"798" 0.183326555760023 6.44270079947611 0.811604521873561 0
"799" -0.0408366140677313 9.74518615446874 0.762662453567125 0
"800" 0.0366915680094899 10.7773586666307 0.821245401217728 0
"801" 0.0366894468176353 10.7773586666307 0.821212746717947 0
"802" 0.036687325822803 10.7773586666307 0.821180103191407 0
"803" 0.0366866920823809 10.7773586666307 0.821170351043152 0
"804" 1.31020251127013 8.13621527116576 1.04526979276123e-07 1
"805" 0.278269003569645 10.3253834800291 0.00944962432949361 1
"806" 0.304893252515856 10.2936552144509 0.00498361363954678 1
"807" 0.278275983845555 10.3253834800291 0.00939439394820298 1
"808" 0.274140726964844 10.337089259247 0.0106968092041715 1
"809" 0.27828472072049 10.3253834800291 0.00932580303691106 1
"810" 2.2368262631837 7.5367709355272 6.19361823189207e-10 1
"811" 2.2368605105358 7.5367709355272 5.86279546794082e-10 1
"812" 0.658250558130839 9.67689054314076 7.11351632533885e-06 1
"813" 0.658288214040179 9.67689054314076 6.8119561026463e-06 1
"814" 0.502355060622511 10.7717771217872 6.16531048793009e-07 1
"815" 0.494299910855494 10.6414059699262 1.32167965536601e-06 1
"816" -1.61325681590457 7.53659651220716 8.85832713754778e-06 -1
"817" -1.6132438969881 7.53659651220716 8.90563939241099e-06 -1
"818" 0.315251745248289 8.23902639425457 0.193241249034095 0
"819" 0.315289023444904 8.23902639425457 0.192618451898813 0
"820" 0.315291847812589 8.23902639425457 0.192571426992397 0
"821" 2.50648344437439 8.31631864569371 2.97882175879702e-20 1
"822" 2.50650594940149 8.31631864569371 2.73419925902396e-20 1
"823" 2.5065246160241 8.31631864569371 2.54723639556378e-20 1
"824" 2.50654329129929 8.31631864569371 2.37350266172716e-20 1
"825" 0.928923222072071 9.78413016059991 9.82200494678492e-10 1
"826" 3.62900087252721 4.31763708036905 0.166088819217521 0
"827" -3.7106216292482 9.0581258902652 1.53072073493269e-08 -1
"828" -1.66583305534107 5.8818994687477 0.0740960601811533 0
"829" -4.19823043292174 10.3140421342634 2.34688948830719e-182 -1
"830" -1.54695933398359 4.87772700429967 0.259286913166044 0
"831" -1.54695933398359 4.87772700429967 0.259286913166044 0
"832" 2.7589545744697 8.32669918578143 4.02108266212215e-26 1
"833" 0.239071345825545 8.73084887120286 0.25837551495724 0
"834" 0.918191299850391 7.67441568688512 0.00460395820936349 1
"835" 0.704821251152381 7.47293125299928 0.0337294339213217 0
"836" -0.60173407265925 10.4585972422749 1.52730740048862e-06 -1
"837" 3.6605068288976 4.31810594957924 0.168728768148719 0
"838" 1.05858275619219 8.2482259976867 2.00144078814904e-06 1
"839" 0.0119540644939617 8.55709610217241 1 0
"840" 0.201694704300155 9.48406685381386 0.170135443459389 0
"841" 0.677193642744036 10.6324981942763 2.52952597609911e-11 1
"842" 0.679843675625383 10.6002797899799 2.44422743961716e-11 1
"843" -1.2530381712918 10.6621575303587 1.87090468624657e-31 -1
"844" 0.571766766592176 9.54024337169292 0.0021657124568394 1
"845" 0.568673651927021 9.53823077272205 0.00236889510568492 1
"846" 1.70306450518589 6.06092638231 0.0150064749877603 1
"847" 1.56044970430678 8.08680469842493 1.15620112178435e-08 1
"848" 1.72920409861699 8.5999701931063 4.35978088523331e-14 1
"849" 1.73862715908279 8.5831675028182 6.4672492838344e-14 1
"850" 1.76803896897699 8.92841511372771 7.65841521871464e-15 1
"851" 1.26808506048149 7.48128576602911 0.000400454793058188 1
"852" -2.62076802959175 6.61771842012003 1.96361240172231e-09 -1
"853" -1.51537502430624 10.9605324021616 1.33141874108917e-56 -1
"854" -1.51537076982949 10.9605324021616 1.15887642699537e-56 -1
"855" 0.645278107268332 10.1341797457002 1.51597906764084e-08 1
"856" 0.645273383981172 10.1341797457002 1.49145987874932e-08 1
"857" -0.17378939043856 7.27847499066054 0.645890799752178 0
"858" 1.05737655856057 8.59446851885031 4.43365965697744e-07 1
"859" 5.39655671579383 9.00275385911612 1.48432958722319e-72 1
"860" 0.149054232850868 9.55882520580899 0.34997092621535 0
"861" 0.149079921280714 9.55882520580899 0.349596867395731 0
"862" 0.149030684080134 9.55882520580899 0.350314296126335 0
"863" 0.148982265860804 9.55882520580899 0.351021701403687 0
"864" 0.148965821271225 9.55882520580899 0.351262394068147 0
"865" 0.14900370387218 9.55882520580899 0.350708251297455 0
"866" 0.149007845112683 9.55882520580899 0.350647744159869 0
"867" -0.229965229400457 10.7336688440489 0.017897820399407 -1
"868" 2.00286732177133 4.931754177451 0.160689073462239 0
"869" -0.437905154479426 6.0136976328462 0.426496655309818 0
"870" -4.44350987441463 6.89673649241269 1.23347509427393e-19 -1
"871" 3.57767603078693 8.6006317830172 8.33634211126915e-39 1
"872" 0.413720052288203 10.3661449309631 0.000209852742800958 1
"873" 0.263696228566249 8.4467412592421 0.25991168078653 0
"874" 0.182421152721884 7.6273847351766 0.564087316036492 0
"875" 0.18241901429611 7.6273847351766 0.564113163233089 0
"876" 0.182452431329186 7.6273847351766 0.563709871477734 0
"877" 0.182475529560412 7.6273847351766 0.563431884170929 0
"878" 0.182511283049694 7.6273847351766 0.563002828992803 0
"879" 1.48813283856586 5.44100354895649 0.143261310779561 0
"880" -4.63296694536781 9.95027677546547 1.7174505061419e-152 -1
"881" -4.65630138215639 9.93659714434397 3.10165316637462e-155 -1
"882" -3.52135302863766 8.49766209820788 7.36727963248057e-56 -1
"883" -3.52134987535181 8.49766209820788 6.81654123795559e-56 -1
"884" -3.52134746192589 8.49766209820788 6.42338078433951e-56 -1
"885" 0.115784482115614 9.08544790950808 0.450278556119083 0
"886" -0.619599365253523 9.86828116245361 2.81745616781713e-05 -1
"887" -0.625577168810039 10.3578556368295 1.69760772444182e-08 -1
"888" 0.529399035066819 8.62733328275391 0.0214193395973864 1
"889" 0.529406033104494 8.62733328275391 0.0213557339853408 1
"890" -2.13021472528064 8.30134285520858 2.90506239391523e-20 -1
"891" -2.13020276249901 8.30134285520858 3.02568836596448e-20 -1
"892" -1.57212522038781 7.79039917389123 1.8883924711822e-11 -1
"893" -1.12760032495505 11.2287331883775 5.7247124763753e-35 -1
"894" 4.06890343722752 6.7575590114153 3.27023036643643e-12 1
"895" 0.930842269143624 7.95243364117958 0.000199508192496246 1
"896" 0.531323176041169 9.56059356837545 0.00147384787280668 1
"897" 0.531325532828203 9.56059356837545 0.0014849572406765 1
"898" -0.240731088984038 6.34202462288222 0.642403659633984 0
"899" -0.0555049370975386 9.46562858752736 0.731152184485455 0
"900" 0.0152208820410169 8.48100058178674 1 0
"901" 1.5850971960606 4.40132299023924 0.294304227332493 0
"902" -0.604021785730683 8.93347763174738 0.000115659702345297 -1
"903" -0.623626100942061 8.48242867903713 0.00108764780884804 -1
"904" -0.623619364369698 8.48242867903713 0.00107810595573857 -1
"905" -0.623609561333798 8.48242867903713 0.00106436769218028 -1
"906" -0.623627700773884 8.48242867903713 0.00108992603715255 -1
"907" -0.623619422632328 8.48242867903713 0.00107818812615078 -1
"908" -0.623612287168458 8.48242867903713 0.00106817036878277 -1
"909" -0.623609502615295 8.48242867903713 0.00106428592367263 -1
"910" -0.649604064434798 6.86613869832738 0.0931158656336167 0
"911" 3.00876615970292 4.13797651824365 0.292640389907872 0
"912" 2.46724437104124 4.03805339270122 0.528426926605251 0
"913" -2.56274120305193e-15 3.81610492262238 1 0
"914" -2.9102066246922 7.31790044357663 7.08504982283736e-17 -1
"915" -2.91022789269303 7.31790044357663 6.42327382685603e-17 -1
"916" 1.72116188750531 3.9314988910995 1 0
"917" 2.01455090976346 4.55269179194213 0.190690523791418 0
"918" -4.35631474454971 4.40286234161003 0.0392623851275122 0
"919" -2.52450690081692 8.55903728680596 2.1790346082723e-35 -1
"920" -5.0028349047143 5.73231891937638 3.19441208748921e-09 -1
"921" 0.000302300495008778 6.63781861147739 1 0
"922" 1.54739837432013 5.84252225482206 0.0163283003318644 1
"923" 1.56238588875979 8.84086829794306 5.4300992626118e-11 1
"924" 1.56237140318921 8.84086829794306 5.33311291523035e-11 1
"925" 1.56238443205422 8.84086829794306 5.42026916467075e-11 1
"926" 1.56233670835299 8.84086829794306 5.10760494279428e-11 1
"927" 0.771950493089496 8.54124661488829 0.000167156362326356 1
"928" 0.766349917006919 8.49108016961715 0.000271908835709995 1
"929" 0.753936828221988 8.4351176522955 0.000406109993285568 1
"930" -6.36492868258416 8.02500508359572 3.72108188925772e-56 -1
"931" -6.3649176701302 8.02500508359572 4.14182244920697e-56 -1
"932" -2.56274120305193e-15 3.81610492262238 1 0
"933" -1.86732234987117 7.66014804337258 8.44302776536213e-13 -1
"934" 2.38407075372275 5.51360491839754 0.0064541518324622 1
"935" 0.00134584746180996 5.27507840438045 1 0
"936" -2.56274120305193e-15 3.81610492262238 1 0
"937" 0.284222704638968 5.18601329097495 0.862187006626778 0
"938" 1.37988515135995 5.8714503875209 0.0299401149343818 1
"939" -1.6916034662745 4.48051969216832 0.387247854905246 0
"940" 1.9494574473674 9.59182122919826 4.52090909424143e-34 1
"941" 2.33724921357351 9.27178690245152 2.92269365082546e-39 1
"942" 2.337244861607 9.27178690245152 3.0285088635094e-39 1
"943" 2.35591575483045 9.26636350149571 7.68273660898913e-39 1
"944" -1.20274063232001 4.75648349866231 0.292974751321431 0
"945" -1.18969209479838 4.75579940595575 0.320699625892454 0
"946" 2.06320608247556 5.31506735762847 0.0185364452385619 1
"947" -3.77257839781076 4.23200799778173 0.168728768148719 0
"948" 0.0315715657887681 8.64396399999459 0.937528662116061 0
"949" -2.21978941651587 4.93411138093013 0.0220243700391127 -1
"950" 1.80202388690482 5.81405279806763 0.0195475342393914 1
"951" -0.354326795834712 4.03877867438385 1 0
"952" -0.536634463907353 5.18711066579385 0.757859749303523 0
"953" 0.28603427098782 8.51045797146372 0.139263383775695 0
"954" 0.286025978071952 8.51045797146372 0.139136752181909 0
"955" -0.806227229719241 5.65794552366993 0.275281264048527 0
"956" -0.547702905819485 7.57537299094953 0.0542386181322052 0
"957" -2.53842770617151 6.81440404455343 4.16294855049045e-11 -1
"958" 1.72116188750531 3.9314988910995 1 0
"959" 3.14090635972762 5.0866439814606 0.0167053452530274 1
"960" 2.00586857334492 8.80017923082382 2.66079894681165e-19 1
"961" 2.10607255472692 7.28132058023914 7.20251476646009e-07 1
"962" -2.56274120305193e-15 3.81610492262238 1 0
"963" 0.405315446361282 4.13773974193215 1 0
"964" 2.46153074745992 4.03798899100057 0.528426926605251 0
"965" 2.46153074745992 4.03798899100057 0.528426926605251 0
"966" 11.887404077457 10.8175420727317 6.54632567736112e-183 1
"967" 11.8874017345904 10.8175420727317 8.02658981319534e-183 1
"968" 11.8847174016144 10.8150271190414 1.68910290635155e-181 1
"969" 11.8847151281476 10.8150271190414 2.05762218521501e-181 1
"970" 11.8873993810072 10.8175420727317 9.85188640181296e-183 1
"971" 11.8873986676889 10.8175420727317 1.04833394402222e-182 1
"972" 11.8847128443225 10.8150271190414 2.50906848733494e-181 1
"973" 11.7540554544738 10.6896133721571 1.83132104675805e-183 1
"974" 11.6972112904258 10.6358794413581 4.13419636087089e-170 1
"975" 11.8874001147391 10.8175420727317 9.24212482363926e-183 1
"976" 11.8874015705748 10.8175420727317 8.14199501777277e-183 1
"977" 1.82666094953196 4.47878686699176 0.294304227332493 0
"978" 1.82666094953196 4.47878686699176 0.294304227332493 0
"979" 1.72743773291829 3.93156337814105 1 0
"980" 1.72743773291829 3.93156337814105 1 0
"981" 0.613946938409584 5.78435486761648 0.365858135137123 0
"982" 2.49614881920205 4.03839532953195 0.528426926605251 0
"983" 0.440278924072031 4.40099278241007 1 0
"984" -0.423308870586244 7.393416379375 0.210589094883783 0
"985" -0.48372628236761 8.03979897399118 0.045124051914725 0
"986" -0.483710042176792 8.03979897399118 0.0452448293622285 0
"987" -0.483701942097161 8.03979897399118 0.0453052080511844 0
"988" -0.483709380226262 8.03979897399118 0.0452497601272098 0
"989" 2.50543284615144 7.60277821681608 4.13474092375519e-11 1
"990" 2.50542661754217 7.60277821681608 4.00680712477586e-11 1
"991" 2.5054195965126 7.60277821681608 3.86661923516088e-11 1
"992" 1.21565182672181 10.4885725699898 4.72297829879888e-20 1
"993" 1.38264150324735 10.3281082374537 1.68830059449705e-23 1
"994" 0.609681695591908 5.9569581862146 0.280351135847281 0
"995" 0.60961486893074 5.9569581862146 0.280015587494316 0
"996" 0.0642886909105835 5.35876537446389 1 0
"997" 0.0646093495944634 5.35876537446389 1 0
"998" 0.0649012558913192 5.35876537446389 1 0
"999" 0.0652196761112332 5.35876537446389 1 0
"1000" 0.0654993577823365 5.35876537446389 1 0
"1001" 0.0656802531888854 5.35876537446389 1 0
"1002" 1.97746971534201 5.27321635697103 0.0403963143028477 0
"1003" 0.486013255627264 5.13828920537238 0.737294334140904 0
"1004" 0.364023781661638 6.06482359348278 0.548360879144603 0
"1005" 1.72743773291829 3.93156337814105 1 0
"1006" -0.0774595401342544 4.62404642927613 1 0
"1007" -0.955092220572724 6.97947659656366 0.00610465304840221 -1
"1008" -0.649551986253751 5.18653014441134 0.439088929180513 0
"1009" -0.334491191761665 4.038629004043 1 0
"1010" -1.69284553487623 4.23198848575264 0.437999068468916 0
"1011" 2.43298682080877 4.03764714696675 0.528426926605251 0
"1012" 0.724521846627489 4.47933526907252 1 0
"1013" 0.715963698083107 4.69144950976722 0.645641892870599 0
"1014" 1.72743773291829 3.93156337814105 1 0
"1015" 3.38637790393015 4.23106694825411 0.168728768148719 0
"1016" 0.149385397489116 7.87283649962311 0.571519714426963 0
"1017" 0.363828825311455 4.13794050168751 1 0
"1018" 2.46153074745992 4.03798899100057 0.528426926605251 0
"1019" 1.99465309694713 4.55189824713704 0.170179751931112 0
"1020" -0.364594002479847 4.23140487524966 1 0
"1021" 0.588561919634396 8.78163570419251 0.00328186727703352 1
"1022" -4.55546971713252 6.02221714026122 4.4541135856743e-09 -1
"1023" 0.196740284450606 4.55301754622281 1 0
"1024" 0.196847789803186 4.55301754622281 1 0
"1025" -1.3692392163196 7.36096638700815 8.74832297126486e-06 -1
"1026" 0.0720743269885793 9.14721985389486 0.749305740396921 0
"1027" 0.0720434821869201 9.14721985389486 0.749584389405365 0
"1028" 1.26062067954612 4.31823140414755 0.66437525518534 0
"1029" 0.884668953619543 4.23085141163874 0.66437525518534 0
"1030" -0.761075191792751 4.62364283923492 0.586114923445102 0
"1031" -1.26487695177156 6.28155030830166 0.0100514035258954 -1
"1032" -0.894437671899143 7.98118167324632 0.00062716654804183 -1
"1033" 2.97973626471799 7.54146419659042 1.69907656272842e-16 1
"1034" 2.97971139054429 7.54146419659042 1.61527975037325e-16 1
"1035" -2.56274120305193e-15 3.81610492262238 1 0
"1036" -2.06539669990201 6.70377711468618 6.42791190065432e-07 -1
"1037" -2.06540688270004 6.70377711468618 6.08812826669625e-07 -1
"1038" -2.06541635830688 6.70377711468618 5.77087581292987e-07 -1
"1039" -2.52707772050132 6.35129032995307 4.87337314755301e-07 -1
"1040" -2.5270680090057 6.35129032995307 4.76359040022853e-07 -1
"1041" -2.5270582763242 6.35129032995307 4.65734494228195e-07 -1
"1042" -2.52704181988865 6.35129032995307 4.48578069769425e-07 -1
"1043" -2.5270343397023 6.35129032995307 4.41096614534501e-07 -1
"1044" -1.47699875601457 7.49244891686988 1.59611827997914e-07 -1
"1045" -0.754684436381379 7.83868444053272 0.00250063396790205 -1
"1046" -0.592112809865396 7.0027445322057 0.10873678467071 0
"1047" -0.592105745128413 7.0027445322057 0.108486726692131 0
"1048" -0.592095060275644 7.0027445322057 0.10811013292397 0
"1049" -2.09770192214847 3.93199828544285 1 0
"1050" -0.144099021789822 7.07388451874818 0.760642870767329 0
"1051" -2.55003487199794 8.02709214966387 6.30289039999954e-20 -1
"1052" 1.01407009736154 5.78338454275446 0.128924080087082 0
"1053" -2.56274120305193e-15 3.81610492262238 1 0
"1054" 0.489262702991917 5.9829042757344 0.470616789139093 0
"1055" 0.654223304303597 8.71364194611159 0.00283693451261874 1
"1056" -0.608891940722715 7.63209388611669 0.0204628263400735 -1
"1057" -1.45426459724828 10.3589174161379 5.70047259156304e-33 -1
"1058" -2.43164339700693 5.44529170878237 0.00382955144705487 -1
"1059" -1.47651332663412 6.57939264608176 0.000858659648008071 -1
"1060" -0.645143142543834 4.75539754179821 0.645641892870599 0
"1061" -1.47657401299283 6.57939264608176 0.000847381143236755 -1
"1062" -0.645143142543834 4.75539754179821 0.645641892870599 0
"1063" -0.740295924998391 4.62461550006622 0.789663974911111 0
"1064" -0.60202641305927 5.2780672416826 0.61348355131442 0
"1065" -0.602146522330262 5.2780672416826 0.612776377904812 0
"1066" -0.46777018359729 5.32105067092531 0.745066048745918 0
"1067" 0.285643833486192 5.18539781217812 0.841519888151039 0
"1068" -2.09770192214847 3.93199828544285 1 0
"1069" 0.36954244889277 4.13800485467607 1 0
"1070" -2.56274120305193e-15 3.81610492262238 1 0
"1071" 1.0535179450172 4.55340426428979 0.387247854905246 0
"1072" 4.41782337802615 4.62155041170829 0.0161794541087111 1
"1073" -0.684736960772039 6.06720862456297 0.183547099010558 0
"1074" 1.72743773291829 3.93156337814105 1 0
"1075" 0.903834084212793 8.48663501615948 1.85912651877209e-05 1
"1076" 0.896563595223779 8.48201943449495 3.157568880566e-05 1
"1077" 3.14407418841669 7.97758218919116 1.45204527429135e-24 1
"1078" 3.14414012968041 7.97758218919116 1.24360070301846e-24 1
"1079" 3.67623430991454 6.00726326133977 3.25166351406829e-06 1
"1080" 2.40910058098506 9.68447343432172 8.99888145920315e-34 1
"1081" 0.361427020369763 7.81933792649642 0.210089594655936 0
"1082" 2.30934393348205 8.15351476693952 3.87715324720434e-18 1
"1083" 0.239254066934699 10.1601168488119 0.0421213030435058 0
"1084" -0.0830045926689517 4.47953761576522 1 0
"1085" -0.393776350601775 4.55348491548438 1 0
"1086" 1.68926926051232 3.93115649942465 1 0
"1087" 0.0749034451977485 8.11174182532973 0.770794939616133 0
"1088" 0.0748769692859392 8.11174182532973 0.770616243761252 0
"1089" 1.97868759369149 4.98329154805928 0.160689073462239 0
"1090" -0.0796747907821202 4.4781672675406 1 0
"1091" -0.0469671012782704 6.87346361529504 0.924666953771931 0
"1092" -2.72410963580644 4.87691428182108 0.00961679079074181 -1
"1093" 2.81694310612626 7.04058685128626 6.30567906234066e-09 1
"1094" 3.29450690691549 4.22978710003723 0.292640389907872 0
"1095" 0.911064237554447 4.2315009297398 0.66437525518534 0
"1096" 0.78645968690699 8.84411627061912 0.000201838835368085 1
"1097" -0.848717262625484 7.93224148527789 0.00111781049243379 -1
"1098" -1.88487612428745 12.0371987286588 2.67720414160538e-110 -1
"1099" -1.8848506821508 12.0371987286588 3.09594939232778e-111 -1
"1100" 3.76691356851751 5.47448491225929 0.000396122412930108 1
"1101" 2.71640402683559 6.48746785016226 1.72288633668171e-06 1
"1102" 4.09068435877819 4.4779375701362 0.0521053857707798 0
"1103" 3.59158058814925 6.3713405963324 5.11340579022286e-09 1
"1104" 1.8915915952281 6.6814530624188 5.04824330091399e-05 1
"1105" -2.60243066738242 4.8187701071379 0.0109377297958513 -1
"1106" -2.46743546922594 5.04199080631023 0.0110029756290317 -1
"1107" -2.46738216187671 5.04199080631023 0.0108717780332536 -1
"1108" -2.46734382514397 5.04199080631023 0.0107790635522006 -1
"1109" 3.37231385599839 5.80831009293947 0.000116266808757933 1
"1110" 1.94007104303957 5.27254210993455 0.0551431864288635 0
"1111" 2.01561471610682 5.78161687006715 0.00404673598115137 1
"1112" 2.38475503229362 5.13673690734869 0.0325036902639373 0
"1113" -2.82392862694153 5.48424478862815 0.000197238015334999 -1
"1114" -3.9786928655489 10.2000184318066 1.15789181740337e-175 -1
"1115" 0.568306585792859 8.74609495428471 0.00412047831162455 1
"1116" 1.26992181953895 11.8867745635624 3.18025298037063e-34 1
"1117" 1.2699157123406 11.8867745635624 3.70059378662855e-34 1
"1118" 2.23460415829811 5.43639394359454 0.0201700807222553 1
"1119" -0.288388590008066 6.78615886676768 0.487214498994115 0
"1120" -3.25377458955431 6.35126734666122 5.68989409649841e-10 -1
"1121" 3.3183916646314 4.23012793237228 0.292640389907872 0
"1122" 0.925359881367174 5.47717000981981 0.242226719015388 0
"1123" -2.56274120305193e-15 3.81610492262238 1 0
"1124" -0.472338929937691 4.55328369112889 0.754957100694782 0
"1125" 2.03497757803191 4.55221634241227 0.187665203078716 0
"1126" -1.31820248372127 10.7590890094005 3.87045404825798e-38 -1
"1127" -1.05477578621793 4.5540249312535 0.597706133882564 0
"1128" -3.40637919519123 4.13878311228306 0.292640389907872 0
"1129" -5.46725988634416 7.81257947983488 3.77616456008666e-48 -1
"1130" 0.436373832749841 4.40123652673078 1 0
"1131" 1.14465116144714 4.87374313412635 0.456399311820545 0
"1132" 4.50150204172197 6.68987613186107 6.31942939822739e-10 1
"1133" 6.16694540040829 5.65207118714413 5.9562141261877e-07 1
"1134" 0.913755649147422 8.88487414167296 1.7189818645605e-06 1
"1135" -0.424943616993661 5.72558202949359 0.588137709510724 0
"1136" -1.25784987125231 7.6606277400208 8.84469224615156e-06 -1
"1137" -1.52382188486518 7.26431638785603 7.09417995461357e-06 -1
"1138" -1.52382174162859 7.26431638785603 7.09374030544883e-06 -1
"1139" -1.52391529345103 7.26431638785603 7.38647969875282e-06 -1
"1140" -1.13177817580675 6.52421953308363 0.0695063624043921 0
"1141" 0.50980088854799 6.08574959040303 0.448383848717657 0
"1142" -0.695842452673417 9.3028137994303 0.000100361658478472 -1
"1143" -0.334777237963617 6.11279071988032 0.582227757069883 0
"1144" -1.32727183753456 4.40096894667609 0.440625425308898 0
"1145" -1.86451645308426 6.14710240742855 0.0062968806707632 -1
"1146" -2.56274120305193e-15 3.81610492262238 1 0
"1147" -2.56274120305193e-15 3.81610492262238 1 0
"1148" 3.68744693043337 4.31851074537353 0.100754603858674 0
"1149" 3.68744693043337 4.31851074537353 0.100754603858674 0
"1150" 3.68744693043337 4.31851074537353 0.100754603858674 0
"1151" -2.62829121501906 4.48081034018073 0.128403665561389 0
"1152" 3.35722216534103 4.23066163362438 0.168728768148719 0
"1153" 3.35722216534103 4.23066163362438 0.168728768148719 0
"1154" 3.83795805738178 4.3993373277358 0.100754603858674 0
"1155" 0.398446897053582 4.13834643749426 1 0
"1156" 0.261880983368377 5.1854407083007 1 0
"1157" -1.16160010127387 6.11773382198898 0.0349536524849409 0
"1158" -1.71955463309256 7.3023419840062 1.94061074545853e-07 -1
"1159" 0.137833196127885 4.87413199832543 1 0
"1160" 1.68926926051232 3.93115649942465 1 0
"1161" -0.834239948308726 5.03960335416281 0.396701900055502 0
"1162" 1.26103631573586 4.31780578541689 0.66269947614477 0
"1163" 0.062454991304072 6.11492879536961 1 0
"1164" -0.476041495319808 4.93246661069287 0.815425937500902 0
"1165" 0.584510974275317 5.75520921038801 0.41932676559577 0
"1166" -2.56274120305193e-15 3.81610492262238 1 0
"1167" 1.72743773291829 3.93156337814105 1 0
"1168" -2.56274120305193e-15 3.81610492262238 1 0
"1169" 0.66856785198151 9.0642629479053 2.9882998005177e-05 1
"1170" 1.13219767757397 5.75000074287251 0.15774205654212 0
"1171" 0.394557395875248 7.99664575811008 0.107595467091137 0
"1172" 0.394556995808922 7.99664575811008 0.107587742230408 0
"1173" 1.68926926051232 3.93115649942465 1 0
"1174" 0.893246118069287 8.98424678206671 3.73015632095373e-07 1
"1175" -0.0600088988433711 8.34416745342696 0.866326671659006 0
"1176" -0.0615062971276654 8.38967105691389 0.872620471084705 0
"1177" -0.0746153311219214 8.40492637727816 0.843604279891639 0
"1178" -0.0600251206087507 8.34416745342696 0.866253229580551 0
"1179" -0.103155261181331 7.68838017228283 0.763939204348271 0
"1180" -0.103100996611583 7.68838017228283 0.763738954870226 0
"1181" -0.103072345683663 7.68838017228283 0.763633323405771 0
"1182" -0.103007906636143 7.68838017228283 0.763395992253245 0
"1183" -0.102370847530294 7.68838017228283 0.761067767596754 0
"1184" -0.354326795834712 4.03877867438385 1 0
"1185" -0.153332949648303 8.4133629991602 0.460378478457026 0
"1186" -0.139646899218654 8.48600390733914 0.501070919054114 0
"1187" -0.153337974142525 8.4133629991602 0.460477352032594 0
"1188" -0.139626561981576 8.48600390733914 0.500247930618344 0
"1189" -0.145650134705364 8.38230749128255 0.497262737818547 0
"1190" -0.139605924650997 8.48600390733914 0.499416009839989 0
"1191" -1.59572550043128 4.87755935339018 0.118554121650406 0
"1192" -1.44030140641821 7.22257865444597 1.67637446004953e-05 -1
"1193" -5.78259933879694 10.182566907915 1.09863900027034e-224 -1
"1194" -0.811895243931521 8.36533002368158 0.000208986652812317 -1
"1195" -0.811898009396263 8.36533002368158 0.000209463741090568 -1
"1196" -0.811900762615171 8.36533002368158 0.000209939831795832 -1
"1197" -0.811899280104223 8.36533002368158 0.000209683335389266 -1
"1198" -0.811897803816022 8.36533002368158 0.000209428236521654 -1
"1199" -1.66280666375432 4.23172337057117 0.66437525518534 0
