Gene_Name	HBR_Rep1_ERCC-Mix2_Build37-ErccTranscripts-chr22.bed.counts	HBR_Rep2_ERCC-Mix2_Build37-ErccTranscripts-chr22.bed.counts	HBR_Rep3_ERCC-Mix2_Build37-ErccTranscripts-chr22.bed.counts	UHR_Rep1_ERCC-Mix1_Build37-ErccTranscripts-chr22.bed.counts	UHR_Rep2_ERCC-Mix1_Build37-ErccTranscripts-chr22.bed.counts	UHR_Rep3_ERCC-Mix1_Build37-ErccTranscripts-chr22.bed.counts
NM_001255975	0	0	0	0	23	0
NR_045649	0	0	0	0	23	0
NM_001008496	0	0	0	0	23	0
NR_045648	0	0	0	0	23	0
NM_006440	105	125	96	169	129	132
NM_001282512	45	47	48	84	60	69
NM_005940	3	1	2	26	16	26
NR_133013	3	1	2	26	16	26
NM_001318245	1	2	0	338	325	267
NM_032608	1	2	0	338	325	267
NM_001284278	77	68	73	257	179	216
NM_012399	77	68	73	257	179	216
NM_001284277	77	68	73	257	179	216
NM_001206998	382	405	405	470	380	382
NM_032173	304	305	321	359	297	288
NM_021090	348	413	376	414	313	331
NM_153050	348	413	376	414	313	331
NM_153051	348	413	376	414	313	331
NR_110541	189	249	218	186	169	147
NM_000343	0	1	0	0	26	0
NM_001256314	0	1	0	0	21	0
NM_002473	355	406	373	1855	1179	1514
NR_110512	184	224	189	37	65	44
NR_110515	1	2	1	1	5	0
NM_001282661	320	389	326	570	500	480
NM_020831	320	389	326	570	500	480
NM_001282662	320	389	326	570	500	480
NM_001318139	243	288	252	366	306	284
NM_178136	146	152	161	280	192	240
NR_103820	146	152	161	280	192	240
NM_001278657	146	152	161	280	192	240
NM_032311	146	152	161	280	192	240
NM_022785	68	88	65	32	129	28
NM_198856	68	88	65	32	129	28
NM_001017528	26	28	30	84	62	70
NM_001017529	26	28	30	84	62	70
NM_001017530	25	26	27	81	59	68
NM_015366	25	26	27	81	59	68
NM_001198721	25	26	27	81	59	68
NM_001167621	316	402	354	615	411	506
NM_013236	316	402	354	615	411	506
NM_001284303	283	335	304	656	591	563
NM_001284304	283	335	304	656	591	563
NM_014346	283	335	304	656	591	563
NR_104292	282	333	304	656	589	561
NM_001284305	273	321	296	642	581	552
NR_122046	116	135	142	821	682	664
NR_038944	25	24	30	1	13	2
NM_001318251	0	0	0	54	49	39
NM_175878	0	0	0	54	49	39
NM_001282225	32	35	35	40	44	27
NM_001282228	32	35	35	40	44	27
NM_001282229	32	35	35	40	44	27
NM_001282226	32	35	35	40	44	27
NM_001282227	32	35	35	40	45	27
NM_001290046	290	289	333	247	231	207
NM_001290047	154	112	164	126	116	107
NM_001039366	207	229	189	167	124	123
NM_001696	207	229	189	167	124	123
NM_001039367	207	229	189	167	124	123
NM_001244572	101	120	107	117	110	117
NM_001244570	101	120	108	117	110	117
NM_001244569	101	120	108	117	110	117
NM_001244567	101	120	108	117	110	117
NM_001196	101	120	108	117	110	117
NM_197967	101	120	108	117	110	117
NM_197966	101	120	107	117	110	117
NM_015241	1096	1325	1261	604	465	457
NM_001122731	359	436	396	211	159	164
NM_001136004	243	295	276	160	117	114
NM_001193414	114	143	130	21	19	10
NM_018943	114	143	130	21	19	10
NR_110533	600	657	588	47	41	38
NR_024159	47	48	47	8	3	6
NM_005315	0	0	0	0	0	0
NM_007098	46	53	63	136	130	134
NM_001835	46	53	63	136	130	134
NM_003325	151	192	138	534	368	428
NM_053004	132	181	147	368	263	267
NM_032775	143	155	179	201	139	176
NR_033825	143	155	179	201	139	176
NM_058004	529	625	597	588	491	506
NM_004782	60	76	70	146	87	109
NR_003608	10	12	15	17	10	10
NM_002745	723	894	878	1075	721	846
NM_138957	192	223	231	472	348	347
NM_014634	102	147	125	236	188	189
NR_027293	103	131	94	162	103	147
NM_014433	326	409	349	90	94	74
NM_002073	314	389	333	89	82	73
NM_021574	295	368	344	526	366	392
NM_004327	295	368	344	526	366	392
NR_037839	11	8	9	0	13	0
NR_024448	233	281	248	267	213	223
NM_001293807	29	38	23	58	30	53
NM_001293808	29	38	23	58	30	53
NM_001293809	29	38	23	58	30	53
NM_001293810	29	38	23	58	30	53
NM_000853	29	38	23	58	30	53
NM_001293811	29	38	23	58	30	53
NM_001293812	29	38	23	58	30	53
NM_001293813	29	38	23	58	30	53
NM_001293814	29	38	23	58	30	53
NM_001201429	452	534	473	879	596	674
NM_012295	452	534	473	879	596	674
NM_001199281	452	534	473	879	596	674
NM_001254732	357	475	430	637	452	463
NM_015330	357	475	430	637	452	463
NM_001145468	357	475	430	637	452	463
NR_103546	395	527	467	697	498	503
NM_001254733	176	241	217	372	248	273
NM_016327	3	3	4	2	16	3
NR_024494	10	13	10	17	15	11
NM_001039948	316	395	340	12	53	17
NM_001098497	316	395	340	12	53	17
NM_133454	316	395	340	12	53	17
NM_001098498	316	395	340	12	53	17
NM_001145206	205	206	184	259	234	214
NM_005160	309	400	331	465	392	381
NM_001184775	616	736	645	65	140	53
NM_021115	616	736	645	65	140	53
NM_001184777	616	736	645	65	140	53
NM_001184776	616	736	645	65	140	53
NM_001184773	616	736	645	65	140	53
NM_001184774	616	736	645	65	140	53
NM_022081	121	164	191	304	215	253
NM_152841	108	146	175	259	189	219
NR_073135	121	164	191	304	215	253
NR_073136	108	146	175	259	189	219
NM_001887	0	2	1	5	5	4
NR_110543	288	307	281	187	161	155
NM_002430	53	42	41	186	157	178
NM_001145418	459	544	504	1195	1126	942
NM_145862	5	2	5	142	120	115
NM_001257387	5	2	5	142	120	115
NM_007194	5	2	5	142	120	115
NM_001005735	5	2	5	142	120	115
NM_001039570	65	73	60	80	88	85
NM_032045	68	73	66	83	94	88
NM_001267895	38	37	55	32	33	27
NM_133455	38	37	55	32	33	27
NM_145730	191	227	198	284	176	217
NM_001166019	191	227	198	284	176	217
NM_001127	191	227	198	284	176	217
NM_021076	176	248	231	25	23	20
NM_181833	216	294	254	454	342	341
NM_181828	216	294	254	454	342	341
NM_181825	90	105	107	175	169	135
NM_181829	216	294	254	454	342	341
NM_181832	216	294	254	454	342	341
NM_181831	90	105	107	175	169	135
NM_181830	216	294	254	454	342	341
NM_000268	216	294	254	454	342	341
NM_016418	216	294	254	454	342	341
NM_001003692	34	47	28	47	39	28
NM_001318129	34	47	28	47	39	28
NM_019103	34	47	28	47	39	28
NM_152510	0	1	0	2	40	1
NM_001291932	96	118	111	110	99	91
NM_012429	96	118	111	110	99	91
NM_033382	49	51	51	54	57	47
NM_001204204	96	118	111	110	99	91
NM_001193336	3	3	3	6	18	4
NM_001282738	367	485	453	266	255	220
NM_001282739	366	485	453	266	255	219
NM_030758	366	485	453	266	255	219
NM_001282740	249	336	327	211	200	174
NM_001303257	60	63	66	167	123	136
NM_001303256	60	63	66	167	123	136
NM_014941	60	63	66	167	123	136
NR_024209	93	130	117	176	146	141
NR_024210	93	130	117	176	146	141
NM_001135825	93	130	117	176	146	141
NR_024211	93	130	117	176	146	141
NR_024212	93	130	117	176	146	141
NM_152267	93	130	117	176	146	141
NM_001164502	97	110	116	119	123	96
NM_019843	97	110	116	119	123	96
NM_001164501	97	110	116	119	123	96
NM_001258327	124	153	151	224	180	189
NM_001258325	124	153	151	224	180	189
NM_001007467	124	153	151	224	180	189
NM_014775	124	153	151	224	180	189
NM_001258326	124	153	151	224	180	189
NM_173566	275	347	291	538	395	431
NM_001242897	68	117	90	138	145	109
NR_110988	68	117	90	138	145	109
NM_001242896	68	117	90	138	145	109
NM_014662	67	117	89	138	144	109
NM_001136029	67	117	89	138	144	109
NM_014227	30	51	39	29	44	17
NM_001135774	765	971	904	1323	1032	1001
NM_133633	735	936	868	1306	1005	985
NM_003490	735	936	868	1306	1005	985
NM_004737	605	711	611	734	726	591
NM_133642	605	711	611	734	726	591
NR_126356	0	0	2	134	134	117
NM_002133	13	14	9	66	48	65
NM_030641	62	51	54	321	200	252
NM_001082577	727	887	855	644	492	510
NM_001082576	727	887	855	644	492	510
NM_014309	727	887	855	644	492	510
NM_001082579	1001	1175	1175	1055	871	826
NM_001082578	1001	1175	1175	1055	871	826
NM_001031695	727	887	855	644	492	510
NM_006078	231	278	224	0	57	0
NM_001289000	1	5	0	5	20	3
NM_001289001	1	5	0	5	20	3
NM_153609	1	5	0	5	18	3
NM_002405	3	6	4	73	38	41
NR_029413	3	6	4	73	38	41
NM_001166343	3	6	4	73	38	41
NM_001172687	109	150	131	279	203	218
NM_001001560	109	150	131	279	203	218
NM_013365	109	150	131	279	203	218
NM_001172688	108	150	130	278	202	217
NM_001039141	41	46	32	218	167	181
NM_001242923	176	186	178	684	485	592
NM_016091	176	186	178	684	485	592
NM_001301130	413	532	472	354	256	262
NM_001301131	413	532	472	354	256	262
NM_003560	54	64	68	134	99	94
NM_001199562	54	64	68	134	99	94
NM_001004426	54	64	68	134	99	94
NM_001195071	248	303	263	204	156	186
NM_012264	248	303	263	204	156	186
NM_001195072	248	303	263	204	156	186
NM_007068	2	4	0	22	26	10
NM_001278208	2	4	0	19	26	8
NM_015373	43	46	40	69	62	75
NM_001002880	43	46	40	69	62	75
NM_000967	116	137	150	715	495	610
NM_001033853	116	137	150	715	495	610
NM_001003406	137	165	160	8	44	2
NM_021096	137	165	160	8	44	2
NM_152512	1	1	4	13	66	12
NM_001024843	969	1119	1010	929	714	773
NM_015088	819	959	824	761	516	596
NM_001162501	819	959	824	761	516	596
NM_022098	59	72	68	215	194	156
NM_001429	339	383	392	546	370	427
NM_002883	187	216	176	319	243	332
NM_001317930	196	224	184	329	248	339
NM_001278651	186	215	174	317	241	329
NM_005008	138	170	153	321	190	244
NM_001003796	138	170	153	321	190	244
NM_024821	29	38	40	61	39	49
NM_001304797	29	38	40	61	39	49
NM_001002876	1	2	2	64	34	50
NM_024053	1	2	2	64	34	50
NM_001304370	1	2	2	63	34	48
NM_001304372	1	2	2	63	34	48
NM_001304373	1	2	2	63	34	48
NM_005650	340	431	331	789	537	611
NM_181492	253	325	247	545	374	441
NM_001184970	199	236	235	557	436	479
NM_001197	7	9	13	13	21	14
NM_173050	2	4	2	24	68	19
NM_001003828	56	98	85	239	248	224
NM_013327	46	76	63	204	216	198
NM_001243386	42	76	63	197	209	189
NM_001243385	34	64	52	138	155	138
NM_001099294	155	210	179	185	153	150
NM_181334	38	41	36	163	147	119
NM_001198726	15	15	12	67	88	47
NM_001017526	15	15	12	67	88	47
NM_181335	15	15	12	67	88	47
NM_001242450	51	81	67	107	114	85
NR_134535	51	82	70	107	114	86
NM_138415	52	82	70	107	114	86
NM_001135862	52	82	70	107	114	86
NM_001284296	51	81	67	107	114	85
NM_001009880	293	320	293	219	164	160
NM_148674	5	8	12	19	33	22
NM_001291501	5	8	12	19	33	22
NM_014246	2	6	4	297	236	234
NM_015124	83	92	79	146	103	113
NM_001082967	660	842	755	99	159	74
NM_015381	372	479	450	65	103	53
NR_110523	19	22	16	670	509	497
NR_110522	19	22	16	670	509	497
NM_001304808	188	211	205	315	218	267
NM_001304809	185	210	203	313	217	263
NM_001164104	24	20	25	2	24	4
NM_018995	24	20	25	2	24	4
NM_001164105	24	20	25	2	24	4
NM_001164106	14	12	15	1	5	0
NM_012401	188	256	204	335	211	241
NM_001242899	245	299	293	333	259	275
NM_014678	245	299	293	333	259	275
NM_001242898	245	299	293	333	259	275
NM_001242900	245	299	293	333	259	275
NM_138433	0	0	1	3	8	1
NM_033517	659	828	717	77	69	57
NR_122113	12	7	8	445	279	312
NR_133911	5	3	1	126	85	91
NR_073459	1	2	1	72	59	55
NR_073460	1	2	1	72	59	55
NR_132385	0	0	0	11	23	6
NM_001136213	0	0	1	8	23	10
NM_001005239	0	0	0	0	0	0
NM_014406	0	0	0	1	2	0
NR_001591	18	28	27	155	132	135
NR_040115	4	4	4	42	31	29
NM_001037814	0	0	1	0	22	0
NR_015352	51	44	54	73	46	54
NM_001289905	71	70	60	109	95	95
NM_014339	71	70	60	109	95	95
NR_103793	6	4	4	3	7	1
NM_033070	33	60	40	139	97	130
NM_017829	40	69	49	142	104	137
NR_024483	7	10	10	3	7	7
NR_024482	7	10	10	3	7	7
NM_177405	28	31	34	32	32	16
NR_038398	2	0	1	1	4	2
NM_001303484	85	99	65	7	21	10
NM_031481	85	99	65	7	21	10
NM_001288707	17	20	15	2	11	4
NM_015367	252	317	278	311	257	245
NM_001270730	252	317	278	311	257	245
NM_001270728	252	317	278	311	257	245
NM_001270727	252	317	278	311	257	245
NM_001270726	252	317	278	311	257	245
NM_001270731	252	317	278	311	257	245
NM_001270729	252	317	278	311	257	245
NM_001270734	252	317	278	311	257	245
NM_001270735	252	317	278	311	257	245
NM_001270732	252	317	278	311	257	245
NR_073068	235	295	257	282	233	225
NR_073069	235	295	257	282	233	225
NM_001270733	208	258	227	208	155	172
NR_024417	0	0	0	0	5	0
NM_017929	89	96	92	128	86	121
NM_001199319	89	96	92	128	86	121
NM_001127649	89	96	92	128	86	121
NM_017414	3	5	2	18	15	13
NR_003267	0	2	0	1	5	1
NM_001195226	141	191	167	71	54	72
NM_016335	141	191	167	71	54	72
NR_045121	269	320	259	19	18	17
NR_002733	269	320	259	19	18	17
NM_001184781	361	427	426	543	334	432
NM_001173534	361	427	426	543	334	432
NM_001173533	361	427	426	543	334	432
NM_005137	361	427	426	543	334	432
NR_033674	361	427	426	543	334	432
NR_134304	44	51	37	74	42	57
NM_022719	44	51	37	74	42	57
NM_053006	6	7	9	8	6	7
NM_001166242	63	83	82	126	103	100
NM_173793	31	45	41	73	45	51
NM_001035247	43	56	54	201	129	152
NM_005659	43	56	54	201	129	152
NM_001178010	6	4	5	266	218	230
NM_003504	6	4	5	266	218	230
NM_001178011	6	4	5	266	218	230
NM_002688	340	485	400	127	80	99
NR_037611	355	493	400	126	85	115
NM_001009939	307	435	349	106	74	96
NR_037612	341	481	387	123	84	115
NM_005992	5	2	3	20	22	17
NM_080646	2	0	3	15	18	14
NM_024627	89	131	94	244	167	188
NM_000754	141	171	144	249	186	203
NM_001135161	118	146	120	198	138	159
NM_001135162	116	145	117	196	135	158
NM_007310	84	101	84	144	92	114
NM_001670	234	243	225	113	88	87
NM_001283179	84	114	113	169	127	136
NM_001283106	84	114	113	169	127	136
NR_104274	82	111	107	168	125	136
NM_001283116	82	111	107	168	125	136
NM_001283129	82	111	107	168	125	136
NM_001283148	82	111	107	168	125	136
NM_001283154	82	111	107	168	125	136
NM_152906	82	111	107	168	125	136
NM_001283186	82	111	107	168	125	136
NM_001283215	82	111	107	168	125	136
NM_001283235	82	111	107	168	125	136
NM_001283248	82	111	107	168	125	136
NM_001283199	82	111	107	168	125	136
NR_104275	68	82	83	133	97	106
NM_001190326	120	149	131	404	262	338
NM_022720	120	149	131	404	262	338
NM_182984	43	56	38	137	67	120
NM_022727	43	56	38	137	67	120
NM_001257994	43	56	38	137	67	120
NM_013373	107	123	102	124	96	80
NM_001185024	107	123	102	124	96	80
NM_023004	149	203	170	22	25	14
NR_003563	21	25	29	99	69	54
NM_001256525	38	49	45	108	81	98
NM_003426	38	49	45	108	81	98
NM_001256524	38	49	45	108	81	98
NR_046282	38	49	45	108	81	98
NM_001256523	38	49	45	108	81	98
NM_182895	15	17	9	41	30	40
NM_153334	15	17	9	41	30	40
NM_001293235	173	194	166	515	335	443
NM_015889	173	194	166	515	335	443
NM_001293234	173	194	166	515	335	443
NM_001003891	173	194	166	515	335	443
NM_001293236	173	194	166	515	335	443
NM_001293237	172	190	166	513	335	443
NM_000185	30	21	20	156	114	116
NM_005207	354	443	389	777	531	633
NR_110537	8	9	9	5	6	2
NM_144704	50	60	61	6	15	6
NM_001018060	50	60	61	6	15	6
NM_001146288	46	59	57	6	13	6
NR_027464	46	59	57	6	13	6
NM_006767	114	140	94	239	146	157
NM_001159554	46	35	32	19	20	22
NM_005446	46	35	32	19	20	22
NR_002829	2	0	2	0	0	0
NR_027006	1	5	3	1	3	2
NR_110991	1	5	3	1	3	2
NM_001291006	1	5	3	1	3	2
NR_037566	4	12	3	4	3	6
NR_108107	0	0	0	0	6	2
NR_024583	9	3	3	7	10	1
NM_001128633	1	3	3	9	7	4
NM_001128635	1	3	3	9	7	4
NM_015094	61	60	62	282	162	202
NM_001207052	3	1	6	0	3	2
NR_003700	56	85	66	185	142	147
NM_001128633	1	0	0	6	7	4
NM_001256355	197	247	207	476	327	360
NM_001256356	197	246	207	472	320	357
NM_003347	197	246	207	472	320	357
NR_028436	197	246	207	472	320	357
NR_046082	197	246	207	472	320	357
NM_152612	3	1	2	6	4	4
NM_014337	67	103	93	223	155	196
NM_001317996	67	103	93	223	155	196
NM_148176	67	103	93	223	155	196
NM_148175	67	103	93	223	155	196
NM_013313	135	152	135	121	78	116
NR_130910	135	152	135	121	78	116
NM_001282112	51	58	42	204	170	164
NM_003935	51	58	42	204	170	164
NM_001282113	51	58	42	204	170	164
NR_130643	29	37	39	77	67	54
NR_130642	29	37	39	77	67	54
NM_080764	29	37	39	77	67	54
NM_080740	0	0	0	12	15	14
NR_027426	0	0	0	1	2	0
NR_024591	5	5	0	3	6	4
NM_001256296	1	0	0	1	1	0
NM_001178126	1	0	0	1	1	0
NM_004914	22	33	33	36	32	28
NR_003950	27	29	27	5	8	5
NR_110539	1	0	1	1	10	2
NM_152855	0	0	2	0	1	3
NM_020070	0	0	2	0	1	3
NM_016449	10	18	9	7	18	6
NM_153615	85	116	102	92	70	74
NM_021916	20	39	30	70	48	36
NM_003073	86	97	104	154	151	148
NM_001007468	86	97	104	154	151	148
NM_001317946	86	97	104	154	151	148
NR_104247	75	85	57	57	60	51
NR_104248	46	56	39	45	44	30
NM_001024938	75	85	57	57	60	51
NM_030807	75	85	57	57	60	51
NM_001282864	75	81	57	56	60	50
NM_001024939	75	77	54	54	60	50
NM_001084393	21	26	27	73	67	66
NM_001084392	19	20	22	52	50	62
NM_001355	19	20	22	52	51	62
NR_003081	0	0	0	0	1	0
NR_003082	0	0	0	2	7	2
NM_004121	23	20	23	8	10	3
NM_001302465	23	20	23	8	10	3
NM_001302464	23	20	23	8	10	3
NM_001099782	23	20	23	8	10	3
NM_001099781	23	20	23	8	10	3
NR_003714	3	8	10	2	8	6
NM_001278500	25	40	25	50	39	30
NM_001278499	24	39	20	43	36	28
NM_000675	24	39	20	43	36	28
NR_103543	24	39	20	43	36	28
NR_103544	24	39	20	43	36	28
NR_028484	26	37	21	47	53	34
NM_001278497	19	28	16	35	24	23
NM_001278498	19	28	16	35	24	23
NR_028483	15	23	13	31	37	23
NM_001284255	71	72	75	394	225	295
NM_001284256	71	72	75	394	225	295
NM_001284257	71	72	75	394	225	295
NM_001284254	71	72	75	394	225	295
NM_001284253	71	75	76	403	231	300
NR_104286	71	75	76	403	231	300
NM_001284252	71	75	76	403	231	300
NM_001284251	71	75	76	403	231	300
NM_031444	71	72	75	394	225	295
NM_001278656	135	163	154	280	220	261
NR_103819	135	163	154	280	220	261
NM_004175	135	163	154	280	220	261
NM_013430	40	57	53	74	48	72
NM_207644	22	30	30	20	22	25
NM_013421	12	18	10	46	21	39
NM_001288833	12	18	10	46	21	39
NR_024593	8	11	7	13	8	8
NM_000496	2	3	0	1	11	1
NM_001135772	21	20	16	119	65	73
NM_182492	8	3	3	49	31	28
NR_033733	21	28	19	42	31	42
NR_033734	21	28	19	42	31	42
NM_020437	71	80	110	29	20	27
NM_001013694	25	31	44	46	36	35
NM_001008697	84	104	73	156	93	123
NM_012143	84	104	73	156	93	123
NM_003595	51	54	52	145	93	118
NM_001008566	44	34	34	104	60	90
NR_033320	620	706	673	66	51	66
NR_033321	620	706	673	66	51	66
NR_033319	620	706	673	66	51	66
NR_003491	620	706	673	66	51	66
NR_110540	6	5	4	1	9	1
NR_026963	211	242	230	241	199	189
NM_172002	11	13	22	36	31	31
NR_134560	11	13	22	36	31	31
NM_001318315	11	13	22	36	31	31
NM_001318314	11	13	22	36	31	31
NM_001318316	11	13	21	34	28	31
NM_001284263	68	74	60	242	186	175
NM_173510	68	74	60	242	186	175
NM_001284264	68	74	60	242	186	175
NM_001284265	68	74	59	242	186	174
NM_001079539	57	82	57	914	543	638
NM_005080	57	82	57	914	543	638
NR_046851	14	8	9	12	9	9
NM_001163287	161	156	167	389	279	360
NM_001163286	237	230	258	616	453	572
NM_001163285	237	230	258	616	453	572
NM_013986	237	230	258	616	453	572
NM_005243	237	230	258	616	453	572
NM_001278730	65	64	47	27	17	28
NM_152236	65	64	47	27	17	28
NM_006478	65	64	47	27	17	28
NR_002727	169	172	173	5	1	1
NM_021026	141	133	136	2	1	0
NM_001002878	49	61	55	136	92	106
NM_003678	49	61	55	136	92	106
NM_001002879	49	61	55	136	92	106
NM_001002877	49	61	55	136	92	106
NM_001202502	100	112	99	228	163	174
NM_003634	100	112	99	228	163	174
NM_001242906	68	69	75	153	114	138
NM_032204	68	69	75	153	114	138
NM_001257135	2	3	3	159	100	110
NM_002309	2	3	3	159	100	110
NM_031937	25	40	37	103	84	95
NM_001204240	25	40	37	103	84	95
NM_005877	105	160	117	253	175	220
NM_001318334	15	43	24	40	24	36
NM_001318335	1	13	6	9	8	9
NM_001017437	15	43	24	40	24	36
NR_046312	14	23	15	25	14	23
NM_001257378	0	0	0	0	7	0
NM_001257379	0	0	0	0	7	0
NM_001257382	0	0	0	0	7	0
NM_174975	0	0	0	0	7	0
NM_174977	0	0	1	4	6	8
NM_001161368	0	0	1	4	6	8
NM_001318105	29	33	27	6	13	9
NM_001318106	29	33	27	6	13	9
NM_001318107	29	33	27	6	13	9
NM_001318108	29	33	27	6	13	9
NM_001318109	29	33	27	6	13	9
NM_001318103	34	34	29	9	13	9
NM_001318104	34	34	29	9	13	9
NM_001282328	27	49	50	157	119	144
NM_001243225	25	49	49	154	112	141
NM_014303	25	49	49	154	112	141
NM_001282327	27	49	50	157	119	144
NM_000355	13	23	16	30	39	29
NM_001184726	13	23	16	30	39	29
NM_001282741	169	228	226	168	148	124
NM_001282742	96	131	131	107	85	92
NR_110493	297	344	331	882	596	642
NR_002323	297	344	331	882	596	642
NR_110492	297	344	331	882	596	642
NM_134270	48	46	45	101	77	102
NM_006932	48	46	45	101	77	102
NM_134269	48	46	45	101	77	102
NM_001207017	47	43	41	87	70	96
NM_001207018	40	41	37	76	61	86
NM_001002837	54	64	50	7	12	12
NM_001284286	54	64	50	7	12	12
NM_001284288	54	64	50	7	12	12
NM_001284289	54	64	50	7	12	12
NM_001284285	54	64	50	7	12	12
NM_001284287	54	64	50	7	12	12
NM_005569	125	154	133	190	141	132
NM_001031801	42	58	48	93	59	56
NM_016733	105	135	115	129	86	95
NM_052880	111	168	121	57	40	34
NM_001135911	111	168	121	57	40	34
NM_014323	78	89	76	229	154	170
NM_032052	78	89	76	229	154	170
NM_032050	78	89	76	229	154	170
NM_004147	39	51	63	125	85	87
NM_001007188	16	43	28	62	60	35
NM_003405	1022	1319	1137	377	250	307
NR_040114	0	0	0	0	7	0
NM_001010859	0	1	0	0	4	0
NM_001159545	12	13	14	2	7	2
NM_006605	6	1	5	1	4	1
NM_001159546	12	12	13	2	6	2
NM_001098527	12	13	14	2	6	2
NM_006604	2	2	1	0	1	3
NM_014306	55	73	63	154	101	140
NM_174932	0	0	0	0	11	0
NM_012179	147	168	173	334	298	291
NM_001033024	144	164	167	331	295	288
NM_001257990	144	164	167	331	295	288
NM_000362	339	434	415	1188	753	870
NR_134617	0	2	1	1	3	1
NR_038950	24	31	31	34	41	23
NR_038949	24	31	31	34	41	23
NM_001303508	0	0	0	26	17	18
NR_027780	57	70	69	213	136	159
NM_001003681	57	70	69	213	136	159
NM_001135729	80	105	67	87	70	63
NR_024194	80	105	67	87	69	62
NR_024195	80	105	67	87	69	62
NM_001135730	80	105	67	87	69	62
NM_001135732	80	105	67	87	69	62
NM_005488	80	105	67	87	69	62
NM_006739	18	18	13	263	156	246
NM_014310	53	79	58	15	21	20
NM_203378	0	0	0	10	13	8
NM_005368	0	0	0	10	13	8
NM_203377	0	0	0	10	15	9
NM_145641	12	8	13	46	48	27
NM_145642	12	8	13	46	48	27
NM_145640	12	8	12	46	44	27
NM_014349	12	8	12	46	44	27
NM_145639	12	8	12	46	44	27
NM_030644	12	8	12	46	44	27
NM_030643	9	7	8	9	7	8
NM_145660	9	7	8	9	7	8
NM_030882	124	146	141	170	139	132
NM_145637	124	146	142	170	139	132
NM_001136540	6	7	6	77	56	56
NM_003661	6	7	6	77	56	56
NM_001136541	6	7	6	77	56	56
NM_145343	6	7	6	77	56	56
NM_012473	35	38	37	73	50	45
NM_024955	62	88	85	199	101	114
NM_001102371	62	88	85	199	101	114
NM_003753	48	54	59	331	250	282
NR_134623	61	87	69	57	56	49
NM_006860	46	63	53	75	59	61
NM_001177701	46	63	53	75	59	61
NM_001315532	40	46	45	6	16	4
NM_002854	41	47	47	6	16	4
NM_013416	1	4	5	17	23	11
NM_000631	1	4	5	17	23	11
NM_000395	2	3	4	50	42	41
NM_178552	0	0	0	0	10	0
NM_001163857	0	0	0	0	10	0
NM_001130517	33	26	29	114	69	109
NM_001013436	33	26	29	114	69	109
NM_021126	33	26	29	114	69	109
NM_001282684	29	63	45	31	18	16
NM_001282685	29	63	45	31	18	16
NM_024681	29	63	45	31	18	16
NM_001282686	29	63	45	31	18	16
NM_000878	1	0	0	7	15	2
NM_001051	30	34	50	15	12	12
NM_001278687	29	32	40	12	11	12
NM_002872	5	8	5	93	68	79
NM_013385	21	27	19	24	25	17
NM_001318024	21	27	19	24	25	17
NM_052906	175	213	171	33	49	43
NM_014550	3	2	3	69	56	62
NM_152243	70	105	70	153	97	139
NM_018957	15	15	11	52	38	26
NR_109952	13	17	12	50	35	27
NM_020315	202	278	222	151	80	116
NM_007032	29	31	27	190	137	168
NM_001171690	15	15	22	54	40	34
NM_014291	15	15	22	54	40	33
NR_036556	36	52	54	91	61	81
NM_138797	36	52	54	91	61	81
NM_033386	54	63	61	147	102	124
NM_001301129	22	24	29	38	39	21
NR_125371	22	24	29	38	39	21
NM_021974	22	24	29	38	39	21
NM_006941	146	186	158	137	79	107
NM_001039583	67	69	66	46	39	64
NM_012407	67	69	66	46	39	64
NM_001039584	67	69	66	46	39	64
NM_025045	30	34	33	32	15	15
NM_001161572	34	29	26	127	93	93
NM_012323	34	29	26	127	93	93
NM_001161574	34	29	26	127	93	93
NM_001161573	31	27	26	124	92	86
NM_001289912	303	328	286	830	568	688
NM_152221	194	209	181	538	316	432
NM_001894	195	210	181	538	316	432
NR_002821	77	88	76	286	234	249
NM_004981	66	84	64	3	5	3
NM_152868	68	89	69	6	8	5
NM_006855	23	14	22	116	98	107
NM_006386	1277	1468	1349	2328	1559	1899
NM_001098504	1277	1468	1349	2328	1559	1899
NM_001291030	24	19	23	75	90	53
NM_001013647	24	19	23	75	90	53
NM_014876	150	165	134	272	207	204
NM_004286	130	178	140	357	194	265
NM_015374	278	375	296	310	213	268
NM_001199580	278	375	296	310	213	268
NM_001199579	278	375	296	310	213	268
NM_014293	392	447	406	74	72	51
NM_001193289	1	0	0	25	26	18
NM_145699	0	0	0	0	3	1
NM_001270406	0	0	0	0	3	1
NM_001270411	1	0	0	24	17	17
NM_004900	1	0	0	24	17	17
NM_152426	1	1	3	29	13	17
NM_175709	307	403	354	55	47	48
NM_033016	35	40	35	45	30	43
NM_002608	45	55	49	51	36	52
NM_004711	814	1094	948	73	71	62
NM_145731	145	189	188	40	40	33
NM_145738	92	101	109	28	31	16
NM_006116	100	95	97	88	82	87
NM_153497	118	120	121	97	87	91
NR_040535	18	25	23	9	5	4
NM_002409	351	453	390	48	42	33
NM_001304564	91	124	107	312	171	196
NR_130789	91	124	107	312	169	195
NM_019008	91	124	107	312	169	195
NR_130151	48	63	53	84	58	66
NM_194326	48	63	53	84	58	66
NM_004810	1	0	3	156	140	114
NM_001291826	1	0	3	114	103	82
NM_001291824	1	0	3	114	103	82
NM_001291828	1	0	3	114	103	82
NM_001291825	1	0	2	76	63	57
NM_138435	2	0	1	15	16	6
NM_001317923	24	35	48	171	116	145
NR_134256	24	35	48	171	116	145
NM_000026	24	35	48	171	116	145
NM_001123378	24	35	48	171	116	145
NM_001301849	84	109	103	134	102	121
NM_015705	84	109	103	134	102	121
NM_001282660	150	164	157	189	140	134
NM_006358	62	70	68	228	161	192
NR_104238	62	70	68	228	161	192
NR_104235	62	70	68	228	161	192
NR_104237	62	70	68	228	161	192
NR_104236	62	70	68	228	161	192
NM_001282727	62	70	68	228	161	192
NM_001282726	62	70	68	228	161	192
NM_003932	234	250	221	415	313	360
NM_001278589	234	250	221	415	313	360
NM_001204827	9	15	8	36	24	26
NM_014248	60	75	66	119	110	117
NR_110514	2	2	1	6	4	4
NM_031488	109	109	101	115	106	111
NM_138481	88	86	79	56	55	48
NM_017590	326	438	373	395	252	328
NM_001145398	373	434	375	43	43	33
NM_003216	331	382	334	38	33	30
NM_032758	24	29	21	136	88	112
NM_001098	297	376	332	362	237	281
NM_138338	188	211	176	230	166	179
NM_001018050	188	211	176	230	166	179
NM_001282884	188	211	176	230	166	179
NM_001018052	188	211	176	230	166	179
NM_001282885	188	211	176	230	166	179
NM_014460	70	97	70	8	6	2
NM_002676	29	43	45	36	19	23
NM_015704	128	181	157	208	138	148
NM_001469	156	157	150	529	399	449
NM_001288977	156	157	150	529	399	449
NM_001288978	156	157	150	529	399	449
NM_001288976	156	157	150	529	399	449
NM_001142964	31	36	32	53	44	50
NM_152513	4	9	9	13	47	7
NM_004599	475	644	600	795	557	709
NR_103834	475	644	600	795	557	709
NR_024355	26	24	24	3	5	3
NM_019106	604	756	710	43	42	50
NM_145733	604	756	710	43	42	50
NM_152613	29	15	25	14	23	13
NM_002490	60	70	74	113	86	96
NR_034118	66	65	68	43	46	29
NR_120595	2	7	7	5	4	3
NR_120596	2	7	7	5	4	3
NR_120597	2	7	7	5	4	3
NM_001318323	6	5	13	9	21	8
NM_145912	6	5	13	9	21	8
NM_015703	83	107	112	175	108	135
NR_104301	190	232	184	242	317	306
NR_104300	190	232	184	242	317	306
NM_014509	190	232	184	242	317	306
NM_001284334	190	232	184	242	317	306
NR_002184	10	23	18	75	54	51
NM_001171661	118	153	130	279	191	221
NM_001171660	113	150	125	276	188	217
NM_007326	118	153	130	279	191	221
NM_000398	119	154	132	282	192	222
NM_001129819	118	153	130	279	191	221
NM_001318038	10	6	3	49	45	35
NM_017436	10	6	3	49	45	35
NM_014570	75	73	66	191	156	134
NM_001142293	75	73	66	191	156	134
NM_001184971	153	171	174	370	303	328
NM_007229	141	157	158	342	272	298
NR_027779	32	34	33	10	24	11
NM_012263	32	34	33	10	24	11
NR_046423	22	34	33	73	42	43
NM_173467	22	34	33	73	42	43
NM_014507	22	34	33	73	42	43
NR_046308	5	9	15	102	62	73
NM_000714	5	9	15	102	62	73
NM_001256531	5	9	15	102	62	73
NM_001256530	5	9	15	102	62	73
NM_015140	56	97	52	202	172	176
NR_134582	0	0	0	2	2	1
NM_001044370	111	143	127	1	33	4
NR_046563	9	12	6	0	11	0
NM_014351	267	326	318	24	28	18
NM_138814	5	3	1	0	4	0
NM_001177675	5	3	1	0	4	0
NM_025225	8	10	7	98	66	79
NM_015380	44	41	46	74	82	63
NM_001137605	19	13	12	46	46	27
NM_022141	17	13	12	40	34	24
NM_032287	174	255	175	237	149	179
NR_044991	0	0	0	1	4	0
NM_181333	20	22	21	76	51	60
NR_038957	39	43	45	74	54	54
NR_038956	64	75	89	151	109	113
NM_007172	124	154	141	388	278	287
NM_153645	123	150	136	379	273	280
NM_015264	267	293	261	204	142	145
NM_001104595	71	57	73	163	107	158
NM_017911	71	57	73	162	107	158
NM_015653	1	3	4	10	19	8
NM_006487	13	17	13	55	68	56
NM_006485	18	24	15	86	91	90
NM_001996	18	23	15	84	90	90
NM_006486	24	30	17	106	125	109
NM_058238	11	10	11	33	45	31
NM_018280	15	25	18	7	5	1
NR_110479	317	413	339	219	147	165
NR_027033	317	413	339	219	147	165
NM_005036	81	114	104	254	210	199
NM_001001928	81	114	104	254	210	199
NM_207327	20	14	19	25	19	23
NM_017931	33	26	22	88	76	76
NM_016426	3	3	1	154	143	138
NM_001282782	86	83	76	161	102	125
NR_104241	86	83	76	161	102	125
NM_001282783	86	83	76	161	102	125
NM_018006	86	83	76	161	102	125
NM_001282785	86	83	76	161	102	125
NM_001282784	86	83	76	161	102	125
NR_104240	86	83	76	161	102	125
NM_022766	200	228	217	319	227	237
NR_109967	0	0	2	0	9	3
NR_033377	8	8	5	10	7	5
NR_038917	25	26	32	1	3	1
NM_001289922	10	6	2	128	86	97
NM_014838	115	130	144	292	224	221
NM_024105	26	44	36	78	42	61
NM_001284318	15	23	22	45	27	25
NM_001284317	15	23	22	45	27	25
NM_001135101	15	23	22	45	27	25
NM_024324	15	23	22	45	27	25
NR_104295	15	23	22	45	27	25
NM_001001694	2	0	3	1	11	8
NM_015166	230	258	236	11	22	8
NM_139202	227	256	235	11	21	8
NM_052839	76	91	87	12	10	9
NR_027691	76	91	87	12	10	9
NM_001160300	76	91	87	12	10	9
NM_025204	50	66	62	94	81	98
NM_031454	140	146	114	163	94	116
NM_020461	178	212	175	212	135	174
NM_001303252	39	38	30	81	52	87
NM_002969	39	38	30	81	52	87
NR_110887	49	81	60	23	14	24
NM_002751	49	81	60	23	14	24
NM_001001794	36	43	39	19	20	17
NM_002972	372	441	365	300	229	237
NM_001253845	0	2	1	27	22	29
NM_014551	19	21	14	63	37	47
NM_001185011	57	93	60	179	104	148
NM_152299	57	93	60	179	104	148
NM_001014440	8	9	9	9	12	10
NR_027928	70	83	96	126	96	118
NM_005198	35	38	47	61	52	59
NM_001097	1	0	0	0	4	1
NR_026981	64	77	66	70	59	64
NM_001130919	51	55	45	52	41	46
NM_001130920	51	55	45	52	41	46
NM_007081	51	55	45	52	41	46
NM_001130921	51	55	45	52	41	46
NM_001130922	51	55	45	52	41	46
NM_001130923	51	55	45	52	41	46
NM_001003789	51	55	45	52	41	46
NR_026982	10	17	19	11	14	16
NR_046571	0	0	0	0	3	0
NR_134584	0	0	0	1	1	0
NR_003607	0	0	0	0	0	0
NM_031890	26	45	32	9	6	4
NM_001163079	26	45	32	9	6	4
NR_036168	0	0	0	0	0	1
NR_103718	1	0	0	1	2	4
NR_030378	0	0	6	0	0	0
NM_005675	64	93	84	23	16	20
NR_026651	12	9	11	0	0	1
NR_024157	5	12	13	22	6	15
NR_103767	3	1	3	11	8	11
NM_001287387	13	36	26	114	78	120
NM_001256534	13	36	26	114	78	120
NR_046298	13	36	26	114	78	120
NM_005984	13	36	26	114	78	120
NM_003776	27	35	28	92	54	73
NM_001318151	27	35	25	90	52	69
NM_001318152	27	33	24	86	51	65
NM_003277	59	84	57	1	2	0
NM_001130861	59	84	57	1	2	0
NR_024381	0	0	0	0	0	0
NM_000407	33	45	36	17	9	18
NM_080647	1	0	2	8	11	5
NR_039918	0	8	1	3	1	8
NR_029706	0	0	0	0	0	0
NR_037412	4	3	0	2	4	6
NR_031706	2	5	1	11	11	8
NR_106874	4	0	1	1	0	1
NM_001278639	32	40	31	240	152	176
NM_001278640	16	22	27	195	133	141
NM_002882	16	22	27	195	133	141
NM_001278641	16	21	27	195	132	141
NM_001243537	3	3	1	0	2	2
NR_038460	0	3	4	1	2	1
NR_026919	0	3	0	8	4	7
NR_031618	1	3	0	0	0	0
NM_033257	43	49	42	74	40	81
NM_001242313	2	3	6	1	1	1
NM_015672	1	2	3	6	13	11
NR_024592	0	0	1	0	1	0
NR_026815	3	7	0	0	4	5
NM_030573	29	48	33	72	56	62
NM_001008695	29	48	33	72	56	62
NR_027052	5	6	6	9	0	5
NR_027051	19	25	32	33	17	24
NM_004173	19	28	20	8	5	3
NR_030379	0	0	0	0	0	1
NM_001128635	1	0	0	6	7	3
NM_001017964	16	21	19	135	77	110
NM_022044	5	11	1	43	25	37
NR_030622	0	0	0	0	0	0
NR_029845	0	1	0	1	1	0
NM_001303509	0	0	0	1	0	1
NM_007128	0	0	0	1	0	1
NM_001291717	0	0	0	724	419	539
NM_206953	0	0	0	724	419	539
NM_001291716	0	0	0	723	417	539
NM_001291719	0	0	0	723	417	539
NM_006115	0	0	0	724	419	539
NM_206956	0	0	0	724	419	539
NM_001291715	0	0	0	723	417	539
NM_001318126	0	0	0	649	388	494
NM_001318127	0	0	0	629	367	477
NM_206955	0	0	0	724	419	539
NM_206954	0	0	0	724	419	539
NM_001282879	0	0	1	1	4	1
NM_199127	0	0	1	1	4	1
NR_030755	0	0	0	0	1	0
NR_049835	0	0	0	0	1	0
NR_033408	2	4	5	8	6	10
NR_110538	0	0	0	0	1	1
NM_013378	0	0	2	1	0	3
NM_182520	15	33	16	26	19	22
NR_125756	33	45	27	36	30	40
NR_125755	33	45	27	36	30	40
NM_001301339	33	45	27	36	30	40
NM_213720	33	45	27	36	30	40
NM_001002862	4	8	5	54	29	56
NM_001135751	4	8	5	54	29	56
NM_198440	4	8	5	54	29	56
NR_038911	78	120	95	356	257	349
NM_002415	60	102	78	327	236	321
NM_001080843	2	8	3	10	10	8
NR_126445	2	8	3	10	10	8
NR_126442	3	2	4	10	2	2
NR_126445	3	2	4	10	2	2
NR_126446	3	2	4	10	2	2
NM_000854	3	2	4	10	2	2
NM_001302670	3	2	4	10	2	2
NM_001080843	3	2	4	10	2	2
NM_001144931	1	1	1	6	5	7
NR_132348	2	1	3	2	1	9
NM_019601	6	5	5	7	14	8
NR_001283	0	0	0	0	1	0
NM_001001663	0	3	1	0	4	1
NR_038941	18	23	14	15	12	13
NM_004076	5	3	2	4	3	2
NR_029395	0	1	0	0	1	0
NR_106875	1	1	1	0	1	0
NR_031615	0	0	0	2	0	0
NM_001886	2	0	0	1	3	1
NM_001318329	1	0	2	0	7	0
NM_001318392	0	0	0	0	1	0
NR_134581	0	0	0	0	4	0
NR_026962	24	27	22	46	32	37
NR_036169	1	0	0	1	0	1
NR_036170	0	0	0	1	0	1
NR_106713	0	0	1	3	2	2
NM_015370	0	2	0	0	2	0
NM_012265	29	49	39	103	60	87
NM_006477	7	20	14	0	2	0
NR_037426	2	1	0	2	1	2
NR_003686	2	1	0	2	1	2
NM_182527	21	29	32	22	10	13
NM_013387	56	68	65	124	63	97
NM_001003684	56	68	65	124	63	97
NR_106876	0	0	1	1	0	3
NM_001319108	0	0	1	1	0	2
NM_020530	0	2	3	2	0	2
NM_001037666	15	11	8	8	6	6
NM_001017981	45	39	30	29	26	32
NM_001003704	1	6	5	51	39	47
NM_016498	1	6	5	51	39	47
NR_001580	0	0	0	0	0	0
NM_001318110	21	18	18	5	8	6
NM_001318111	21	18	18	5	8	6
NM_004861	21	18	18	5	8	6
NM_001318116	18	14	14	3	5	3
NM_001318115	18	14	14	3	5	3
NM_001318114	18	14	14	3	5	3
NM_001318113	18	14	14	3	5	3
NM_001318112	18	14	14	3	5	3
NM_001001479	22	39	32	19	14	14
NM_001304795	25	42	32	36	28	19
NM_152511	12	18	20	21	17	9
NM_001304796	12	18	20	21	17	9
NM_001304794	12	18	20	21	17	9
NR_036171	1	0	0	0	0	0
NR_026920	9	22	14	30	12	16
NM_080430	64	54	47	17	11	12
NM_015715	2	5	2	9	10	7
NR_037496	0	0	0	0	0	0
NR_110542	1	7	6	13	4	11
NM_032051	41	28	38	103	68	71
NR_120386	22	28	31	24	27	24
NM_014338	209	263	227	166	84	114
NR_106959	6	4	10	3	2	0
NR_126507	11	17	18	7	11	5
NM_001302820	0	4	2	1	4	0
NM_015372	11	17	18	7	11	5
NM_001302819	0	4	2	1	4	0
NM_001098535	2	2	1	0	1	3
NR_001450	5	3	3	1	5	4
NR_002596	5	3	3	1	5	4
NR_104232	5	3	3	1	5	5
NR_038918	1	3	3	3	5	4
NR_039921	1	0	0	0	0	0
NR_037471	1	0	0	1	1	0
NR_106717	0	0	0	0	0	0
NM_030642	0	1	1	0	6	0
NR_106877	0	0	0	4	3	2
NR_033531	8	8	8	7	8	6
NR_038954	0	0	0	0	1	0
NM_001270483	27	28	26	89	70	57
NM_003312	27	28	26	89	70	56
NM_182486	6	2	7	78	56	58
NM_031910	6	2	7	78	56	58
NM_006498	1	0	1	11	16	14
NM_002305	25	30	29	229	159	246
NM_024313	16	19	29	47	40	30
NM_138632	13	10	6	80	60	66
NM_005318	106	145	112	252	167	190
NM_003614	1	0	2	1	2	1
NR_030395	0	3	1	0	0	4
NR_030396	0	0	0	1	0	0
NM_001207062	23	41	26	52	47	35
NM_032561	23	41	26	52	47	35
NR_106878	1	0	1	8	5	0
NR_039759	0	3	0	3	0	1
NM_013356	11	16	10	24	12	15
NR_132774	2	5	4	2	0	0
NM_016657	4	1	4	27	34	31
NR_103474	0	0	0	3	0	1
NR_134627	1	0	0	0	3	0
NM_020243	36	42	33	117	60	97
NM_005740	24	43	42	42	21	23
NM_001303494	714	855	805	366	249	300
NM_014292	714	855	805	366	249	300
NR_104187	1	0	0	10	6	9
NM_014508	2	1	3	26	12	21
NM_001006666	0	0	0	2	2	3
NM_145298	0	2	1	21	18	17
NM_021822	3	8	1	25	21	18
NM_001166004	5	3	2	1	1	0
NM_181773	6	4	3	1	2	0
NM_001166003	6	4	3	1	2	0
NM_001166002	6	4	3	1	2	0
NR_000028	0	1	1	18	7	9
NR_000027	2	0	1	9	6	3
NR_000026	2	2	1	11	9	10
NR_002439	0	1	1	2	4	10
NR_126469	5	9	8	1	2	1
NM_001098270	253	318	266	35	16	24
NR_130790	29	47	39	109	67	67
NM_001675	231	280	253	1091	679	864
NM_182810	231	280	253	1091	679	864
NR_039988	0	0	3	11	6	5
NR_109965	8	17	13	19	13	12
NM_005297	12	21	17	2	3	2
NR_039923	0	0	0	2	0	2
NM_145174	2	5	0	7	7	5
NR_132979	0	0	0	0	0	0
NR_031694	1	1	2	2	1	1
NR_106949	0	1	0	2	4	1
NM_016272	267	349	277	188	145	174
NR_134631	1	4	0	0	3	0
NR_029507	0	1	2	0	0	0
NM_001207020	55	55	59	0	2	3
NR_039760	1	0	1	1	2	1
NM_052945	1	1	1	4	1	5
NM_001110215	0	2	0	39	14	22
NM_001304371	0	0	0	10	8	13
NM_000262	23	40	45	105	85	98
NM_001002034	9	3	4	5	6	6
NM_033318	21	41	38	26	13	20
NM_000106	25	33	21	21	10	8
NR_111920	25	33	21	21	10	8
NM_001025161	25	33	21	21	10	8
NR_002570	8	19	14	2	9	14
NR_036498	5	5	5	17	8	6
NR_027786	65	100	112	103	61	79
NR_029422	5	10	7	14	2	9
NM_001165877	0	3	1	2	0	0
NR_125362	15	13	7	1	9	3
NR_134632	0	0	0	0	0	0
NR_109966	0	0	0	0	0	0
NR_028411	0	0	0	0	5	0
NR_028410	0	0	0	0	5	0
NR_028409	0	0	0	0	5	0
NR_031651	1	1	4	0	1	0
NM_001167574	0	0	0	1	3	0
NM_006953	0	0	0	1	3	0
NR_131244	0	0	0	4	2	0
NR_039919	1	0	0	0	1	1
NR_027240	3	2	2	4	5	3
NR_027036	7	14	8	6	4	8
NR_027034	25	36	24	9	12	15
NR_037413	2	2	1	5	1	2
NR_029478	0	0	0	1	0	0
NR_039920	3	3	3	3	2	2
NR_029479	0	1	0	2	1	1
NM_006071	6	6	7	8	12	8
NR_024009	2	2	3	2	2	3
NR_122047	3	4	4	4	12	7
NR_036172	0	0	0	0	0	0
NR_039761	0	0	0	0	1	0
NR_037440	0	0	0	0	0	0
NM_001001852	40	52	46	131	87	94
NR_106879	0	2	6	15	5	6
NM_032019	19	22	31	44	41	49
NM_001159286	19	22	31	44	41	49
NM_017584	0	0	0	1	0	0
NM_033200	30	43	44	123	80	106
NM_001169111	25	54	34	55	33	64
NM_001169110	25	58	34	58	34	65
NM_001169109	25	60	34	58	35	65
NM_005138	25	54	34	55	33	64
NM_001257989	22	23	25	47	16	31
NM_001257988	22	23	25	47	16	31
NM_001953	22	23	25	47	16	31
NM_001113755	22	23	25	47	16	31
NM_001113756	22	23	25	47	16	31
NM_001123225	0	0	1	0	1	0
NM_004377	35	40	47	63	41	52
NM_152245	35	44	49	65	44	56
NM_152246	35	40	47	63	41	52
NM_001145135	35	44	49	65	44	56
NM_001145137	32	40	47	63	39	51
NM_001145134	35	44	49	65	44	56
NR_021492	5	1	3	1	2	1
NR_110536	28	24	23	12	12	15
NM_012324	242	340	290	8	10	4
NM_000487	44	46	57	45	29	45
NM_001085427	44	46	57	45	29	45
NM_001085426	44	46	57	45	29	45
NM_001085428	44	46	57	45	29	45
NM_001085425	44	46	57	45	29	45
NR_134637	0	2	1	0	1	0
